[ PowerStructure(GrpPC) |
    PCGroup(\[ 10, 2, 2, 2, 2, 2, 2, 2, 2, 2, 2, 1481, 91, 602, 11832, 2883, 5703, 353, 16814, 1734, 32645, 4335, 4115, 16826, 886, 476, 34568, 28818, 4358, 12819, 8039 ]),

    PCGroup(\[ 10, 2, 2, 2, 2, 2, 2, 2, 2, 2, 2, 201, 8971, 21722, 552, 6742, 12973, 6823, 36004, 17214, 1024, 934, 244, 48005, 1125, 49286, 11216, 12346, 6196, 766, 40967, 15387, 
    2607, 80648, 12809, 9629, 849 ]),

    PCGroup(\[ 10, 2, 2, 2, 2, 2, 2, 2, 2, 2, 2, 1481, 651, 602, 1992, 2883, 1453, 343, 353, 19014, 934, 51845, 29775, 145, 2195, 645, 655, 5626, 3126, 40967, 15377, 5157, 1337, 
    80648, 12809, 38419, 1639, 459 ]),

    PCGroup(\[ 10, 2, 2, 2, 2, 2, 2, 2, 2, 2, 2, 320, 681, 23363, 2733, 2663, 12624, 4115, 3376, 10666, 5076, 626, 12807, 13467, 867, 25928, 12978, 1148, 618 ]),

    PCGroup(\[ 10, 2, 2, 2, 2, 2, 2, 2, 2, 2, 2, 1321, 1032, 5443, 5293, 6196, 25617, 80648, 8668, 1148 ]),

    PCGroup(\[ 10, 2, 2, 2, 2, 2, 2, 2, 2, 2, 2, 7680, 5161, 2571, 1082, 4872, 1942, 22083, 2733, 5543, 16335, 40326, 11216, 5626, 876, 346, 51207, 3227, 867 ]),

    PCGroup(\[ 10, 2, 2, 2, 2, 2, 2, 2, 2, 2, 2, 2560, 5801, 2891, 4392, 1942, 2883, 2733, 17285, 4345, 4595, 535, 20176, 56327, 28177, 3867, 1657 ]),

    PCGroup(\[ 10, 2, 2, 2, 2, 2, 2, 2, 2, 2, 2, 160, 681, 5931, 2042, 5832, 1942, 2883, 5933, 743, 13214, 32645, 9145, 20176, 56327, 15377, 7707, 7077, 1657, 237 ]),

    PCGroup(\[ 10, 2, 2, 2, 2, 2, 2, 2, 2, 2, 2, 1321, 2042, 262, 26404, 6814, 9824, 3126, 25617, 12827, 34568, 1148 ]),

    PCGroup(\[ 10, 2, 2, 2, 2, 2, 2, 2, 2, 2, 2, 2601, 1291, 15482, 11592, 2883, 15533, 9703, 1633, 4815, 8185, 755, 20176, 2266, 5636, 1307, 677, 86408, 20178, 10838, 2758, 1148, 
    618 ]),

    PCGroup(\[ 10, 2, 2, 2, 2, 2, 2, 2, 2, 2, 2, 3520, 681, 5771, 5832, 1942, 2883, 16813, 6503, 1313, 32645, 16335, 8665, 4115, 40326, 9546, 17927, 39697, 7707, 3877, 1657, 867, 
    237 ]),

    PCGroup(\[ 10, 2, 2, 2, 2, 2, 2, 2, 2, 2, 2, 640, 681, 3531, 16442, 5832, 1222, 2883, 20013, 9383, 3873, 32645, 16335, 1465, 755, 20176, 10106, 56327, 38417, 3867, 9637, 1657, 
    237 ]),

    PCGroup(\[ 10, 2, 2, 2, 2, 2, 2, 2, 2, 2, 2, 160, 5161, 171, 1082, 4872, 1942, 20803, 18093, 5223, 3873, 16335, 40326, 11216, 5626, 3116, 346, 35857, 18587, 8997, 867, 557 ]),

    PCGroup(\[ 10, 2, 2, 2, 2, 2, 2, 2, 2, 2, 2, 320, 1321, 4811, 15482, 9672, 3862, 2883, 5293, 5223, 4004, 6814, 6624, 20176, 7697, 12827, 7077, 3567, 397, 69128, 37458, 7228, 
    618 ]),

    PCGroup(\[ 10, 2, 2, 2, 2, 2, 2, 2, 2, 2, 2, 5760, 681, 971, 2042, 9672, 24643, 12973, 3303, 1313, 6014, 1734, 8185, 4115, 2085, 51207, 12827, 6757, 397, 69128, 12978, 618 ]),

    PCGroup(\[ 10, 2, 2, 2, 2, 2, 2, 2, 2, 2, 2, 681, 7371, 16442, 4872, 4102, 10563, 18093, 8103, 1313, 28004, 25214, 16335, 40326, 3376, 14586, 5356, 3826, 346, 26897, 13467, 
    8997, 4687, 867, 557 ]),

    PCGroup(\[ 10, 2, 2, 2, 2, 2, 2, 2, 2, 2, 2, 6720, 681, 6411, 2042, 13032, 2663, 833, 7204, 16414, 1134, 8185, 21296, 876, 2566, 12827, 72008, 36018, 1148 ]),

    PCGroup(\[ 10, 2, 2, 2, 2, 2, 2, 2, 2, 2, 2, 7680, 681, 6411, 15482, 4872, 1942, 1603, 2733, 423, 15204, 22814, 16335, 30256, 5626, 5356, 466, 346, 51207, 13467, 867 ]),

    PCGroup(\[ 10, 2, 2, 2, 2, 2, 2, 2, 2, 2, 2, 1321, 1032, 5443, 5293, 26404, 6196, 25617, 80648, 8668, 1148 ]),

    PCGroup(\[ 10, 2, 2, 2, 2, 2, 2, 2, 2, 2, 2, 10601, 7691, 26042, 2472, 4822, 963, 5613, 7143, 113, 7824, 42245, 20175, 2425, 2435, 1125, 295, 11206, 15696, 3386, 316, 1446, 
    1316, 766, 51207, 6437, 17308 ]),

    PCGroup(\[ 10, 2, 2, 2, 2, 2, 2, 2, 2, 2, 2, 1360, 361, 3931, 1082, 2952, 4822, 20803, 10224, 24015, 8185, 24646, 24656, 3386, 1446, 1316, 206, 51207, 17308 ]),

    PCGroup(\[ 10, 2, 2, 2, 2, 2, 2, 2, 2, 2, 2, 320, 1321, 6091, 3962, 3912, 982, 8003, 16813, 7143, 36004, 21214, 9024, 10106, 5076, 2566, 28177, 6437, 3247, 74888, 34578, 18748,
    8678, 4368, 618 ]),

    PCGroup(\[ 10, 2, 2, 2, 2, 2, 2, 2, 2, 2, 2, 7680, 681, 5451, 1082, 4872, 2662, 20803, 1383, 26404, 8185, 40326, 29136, 10106, 3116, 346, 37137, 8347, 867 ]),

    PCGroup(\[ 10, 2, 2, 2, 2, 2, 2, 2, 2, 2, 2, 5120, 15401, 971, 1082, 5832, 6022, 2883, 4653, 8423, 1313, 26404, 1935, 4115, 1136, 10106, 58887, 35857, 9627, 8997, 1657, 867, 
    237 ]),

    PCGroup(\[ 10, 2, 2, 2, 2, 2, 2, 2, 2, 2, 2, 6411, 1032, 1462, 1603, 12973, 9063, 13214, 1024, 444, 20176, 10106, 6196, 2566, 12827, 40338, 8668, 2208, 1148 ]),

    PCGroup(\[ 10, 2, 2, 2, 2, 2, 2, 2, 2, 2, 2, 3200, 15721, 8491, 1082, 5832, 1942, 2883, 12013, 423, 26404, 13214, 7824, 20176, 17927, 39697, 7707, 2277, 3247, 237 ]),

    PCGroup(\[ 10, 2, 2, 2, 2, 2, 2, 2, 2, 2, 2, 7680, 15401, 7691, 12552, 5782, 11843, 8493, 2663, 15204, 23614, 3424, 16335, 29136, 14586, 876, 466, 906, 51207, 25617, 13467, 867
    ]),

    PCGroup(\[ 10, 2, 2, 2, 2, 2, 2, 2, 2, 2, 2, 15401, 602, 4392, 5902, 21443, 1773, 1383, 13214, 32645, 8655, 12025, 5195, 535, 40326, 20176, 3666, 1316 ]),

    PCGroup(\[ 10, 2, 2, 2, 2, 2, 2, 2, 2, 2, 2, 160, 681, 8171, 7802, 13512, 5782, 13123, 12333, 2663, 13214, 32645, 16335, 9145, 20176, 15367, 17937, 17947, 1957, 1657, 557 ]),

    PCGroup(\[ 10, 2, 2, 2, 2, 2, 2, 2, 2, 2, 2, 160, 10281, 171, 1082, 9672, 4163, 15533, 1063, 16335, 51207, 1637, 69128, 6508, 618 ]),

    PCGroup(\[ 10, 2, 2, 2, 2, 2, 2, 2, 2, 2, 2, 1600, 15721, 6891, 4872, 2182, 1603, 11373, 1383, 26404, 13214, 8624, 16335, 15686, 34736, 14586, 1996, 2566, 346 ]),

    PCGroup(\[ 10, 2, 2, 2, 2, 2, 2, 2, 2, 2, 2, 10921, 6411, 24122, 4872, 262, 11843, 2733, 2663, 15204, 16414, 3424, 16335, 40326, 30256, 14586, 876, 466, 346, 51207, 13467, 867 
    ]),

    PCGroup(\[ 10, 2, 2, 2, 2, 2, 2, 2, 2, 2, 2, 8640, 15721, 8011, 1082, 5832, 1942, 2883, 10733, 423, 26404, 7824, 20176, 17927, 15377, 7707, 2277, 3247, 237 ]),

    PCGroup(\[ 10, 2, 2, 2, 2, 2, 2, 2, 2, 2, 2, 1920, 681, 1291, 2042, 3912, 5302, 5443, 5293, 2023, 4004, 14014, 1824, 534, 32645, 11065, 1715, 20176, 86408, 17308, 2568, 2218 
    ]),

    PCGroup(\[ 10, 2, 2, 2, 2, 2, 2, 2, 2, 2, 2, 5161, 15482, 4872, 3862, 1603, 2733, 2663, 2404, 3614, 3424, 16335, 11216, 5626, 3116, 1586, 346, 51207, 18587, 867 ]),

    PCGroup(\[ 10, 2, 2, 2, 2, 2, 2, 2, 2, 2, 2, 3200, 15721, 8491, 16442, 5832, 6022, 4163, 12653, 423, 26404, 13214, 7424, 20176, 15367, 38417, 7707, 1957, 3247, 237 ]),

    PCGroup(\[ 10, 2, 2, 2, 2, 2, 2, 2, 2, 2, 2, 3241, 17402, 11592, 2733, 3614, 5824, 934, 444, 8185, 6736, 886, 12827, 80648, 8678, 2208, 1148 ]),

    PCGroup(\[ 10, 2, 2, 2, 2, 2, 2, 2, 2, 2, 2, 15721, 5931, 602, 4392, 6862, 963, 12013, 1383, 13214, 32645, 28335, 12025, 1355, 535, 40326, 20176, 12626, 1316 ]),

    PCGroup(\[ 10, 2, 2, 2, 2, 2, 2, 2, 2, 2, 2, 160, 681, 6891, 16442, 1032, 5782, 20803, 4013, 2663, 2593, 20176, 12346, 5076, 12827, 6437, 40338, 1148 ]),

    PCGroup(\[ 10, 2, 2, 2, 2, 2, 2, 2, 2, 2, 2, 160, 10921, 6891, 1082, 4872, 3862, 11843, 13613, 2663, 16335, 40326, 30256, 5626, 876, 346, 51207, 25617, 13467, 867 ]),

    PCGroup(\[ 10, 2, 2, 2, 2, 2, 2, 2, 2, 2, 2, 1600, 15721, 1291, 16442, 4872, 2182, 1603, 10733, 1383, 26404, 8624, 16335, 51526, 11216, 14586, 1996, 2566, 346 ]),

    PCGroup(\[ 10, 2, 2, 2, 2, 2, 2, 2, 2, 2, 2, 10281, 1082, 1032, 6022, 1603, 1453, 2983, 2404, 16414, 3424, 334, 16335, 40326, 10106, 1586, 51207, 18587, 4197, 867 ]),

    PCGroup(\[ 10, 2, 2, 2, 2, 2, 2, 2, 2, 2, 2, 8640, 15721, 3691, 16442, 5832, 6022, 4163, 12653, 423, 26404, 13214, 7424, 20176, 15367, 38417, 7707, 1957, 3247, 237 ]),

    PCGroup(\[ 10, 2, 2, 2, 2, 2, 2, 2, 2, 2, 2, 3200, 681, 6091, 13512, 5782, 10563, 20013, 5223, 4193, 4004, 22014, 3424, 534, 32645, 16335, 12985, 2675, 20176, 35847, 7697, 
    17947, 7077, 2287, 1657, 557 ]),

    PCGroup(\[ 10, 2, 2, 2, 2, 2, 2, 2, 2, 2, 2, 5131, 1032, 1603, 12973, 423, 13214, 624, 16335, 3116, 2566, 51207, 8347, 867 ]),

    PCGroup(\[ 10, 2, 2, 2, 2, 2, 2, 2, 2, 2, 2, 320, 681, 1291, 1032, 1603, 3373, 7783, 26404, 5824, 1134, 444, 10106, 1716, 3126, 626, 12827, 17298, 2208, 1148 ]),

    PCGroup(\[ 10, 2, 2, 2, 2, 2, 2, 2, 2, 2, 2, 5760, 10921, 3531, 15482, 5832, 3862, 2883, 17453, 2663, 13214, 7424, 32645, 16335, 12985, 20176, 35847, 28177, 7707, 4517, 3247, 
    1657, 237 ]),

    PCGroup(\[ 10, 2, 2, 2, 2, 2, 2, 2, 2, 2, 2, 3200, 10921, 6091, 15482, 5832, 3862, 2883, 17453, 2663, 13214, 7424, 32645, 16335, 12985, 20176, 35847, 28177, 7707, 4517, 3247, 
    1657, 237 ]),

    PCGroup(\[ 10, 2, 2, 2, 2, 2, 2, 2, 2, 2, 2, 6400, 10921, 6731, 2042, 3912, 5443, 3373, 1383, 10404, 5214, 2624, 32645, 16335, 2425, 20176, 25617, 34568, 17298, 4358, 2218 ]),

    PCGroup(\[ 10, 2, 2, 2, 2, 2, 2, 2, 2, 2, 2, 3520, 10921, 5771, 23162, 13512, 4582, 14403, 1453, 3623, 13604, 6814, 3424, 32645, 16335, 4825, 40326, 5066, 79367, 29457, 7707, 
    4837, 1657, 867, 557 ]),

    PCGroup(\[ 10, 2, 2, 2, 2, 2, 2, 2, 2, 2, 2, 15401, 12552, 5782, 1603, 7853, 423, 13604, 6814, 3424, 16335, 29136, 14586, 876, 906, 51207, 3227, 867 ]),

    PCGroup(\[ 10, 2, 2, 2, 2, 2, 2, 2, 2, 2, 2, 681, 9672, 2883, 2093, 5223, 5604, 11824, 3934, 1744, 8185, 51207, 6437, 3407, 12978, 4548, 618 ]),

    PCGroup(\[ 10, 2, 2, 2, 2, 2, 2, 2, 2, 2, 2, 5801, 5451, 2042, 5832, 7462, 31043, 5933, 8103, 26404, 19614, 11024, 8185, 21296, 10666, 53767, 35857, 3227, 6437, 847, 867, 237 
    ]),

    PCGroup(\[ 10, 2, 2, 2, 2, 2, 2, 2, 2, 2, 2, 5440, 6411, 8712, 6262, 1603, 813, 6823, 2593, 26404, 1214, 10224, 934, 3386, 886, 626, 12827, 40338, 8668, 8678, 1148 ]),

    PCGroup(\[ 10, 2, 2, 2, 2, 2, 2, 2, 2, 2, 2, 16041, 5451, 16442, 4872, 3622, 10563, 16173, 2983, 26404, 6814, 5424, 8185, 40326, 29136, 1706, 5076, 466, 346, 26897, 13467, 867 
    ]),

    PCGroup(\[ 10, 2, 2, 2, 2, 2, 2, 2, 2, 2, 2, 681, 2883, 2733, 743, 6814, 3424, 4595, 20176, 56327, 12827, 1657 ]),

    PCGroup(\[ 10, 2, 2, 2, 2, 2, 2, 2, 2, 2, 2, 7040, 681, 6411, 2042, 11592, 3862, 17453, 5223, 7204, 3614, 32645, 1465, 755, 20176, 28808, 34578, 17308, 3638, 2218, 268 ]),

    PCGroup(\[ 10, 2, 2, 2, 2, 2, 2, 2, 2, 2, 2, 2560, 5801, 2571, 7802, 4392, 1942, 2883, 2733, 6814, 3424, 17285, 8655, 4345, 4595, 535, 20176, 56327, 3867, 1657 ]),

    PCGroup(\[ 10, 2, 2, 2, 2, 2, 2, 2, 2, 2, 2, 3200, 681, 5832, 1942, 2883, 11053, 743, 13604, 6814, 32645, 9145, 20176, 15367, 15377, 7707, 7077, 1657, 237 ]),

    PCGroup(\[ 10, 2, 2, 2, 2, 2, 2, 2, 2, 2, 2, 640, 681, 2891, 2042, 3912, 3862, 5443, 16173, 4263, 4004, 1214, 7424, 934, 16335, 8185, 1955, 37137, 12827, 1657, 69128, 34578, 
    398, 4368, 618 ]),

    PCGroup(\[ 10, 2, 2, 2, 2, 2, 2, 2, 2, 2, 2, 1032, 1603, 11053, 2663, 13214, 8425, 1716, 1316, 51207, 25617, 70568, 18018 ]),

    PCGroup(\[ 10, 2, 2, 2, 2, 2, 2, 2, 2, 2, 2, 8320, 681, 5131, 17402, 5832, 5782, 25923, 20013, 2593, 45604, 10014, 9824, 32645, 10105, 4115, 645, 49286, 3386, 5076, 886, 1316, 
    626, 51207, 25617, 12827, 80648, 34578, 2218, 1148 ]),

    PCGroup(\[ 10, -2, 2, 2, 2, 2, 2, -2, 2, 2, -2, 1321, 3962, 1824, 17285, 16335, 8185, 4115, 3045, 1015, 1657, 17308 ]),

    PCGroup(\[ 10, 2, 2, 2, 2, 2, 2, 2, 2, 2, 2, 8320, 681, 2571, 2042, 552, 25923, 15533, 5223, 4004, 1214, 3334, 24965, 12495, 6995, 31366, 15696, 8436, 20487, 25617, 15387, 
    6437, 3887, 1657, 867, 397, 57608, 14428, 8678, 3648, 2218, 1148, 268 ]),

    PCGroup(\[ 10, 2, 2, 2, 2, 2, 2, 2, 2, 2, 2, 15721, 2891, 15482, 11592, 6022, 33603, 7853, 6503, 1313, 3334, 4115, 3376, 10666, 12807, 35857, 17947, 3877, 867, 237 ]),

    PCGroup(\[ 10, 2, 2, 2, 2, 2, 2, 2, 2, 2, 2, 8320, 10921, 7691, 9192, 23363, 15533, 4193, 7204, 3614, 2134, 32645, 4115, 1365, 1015, 40326, 5076, 3406, 626, 17937, 4517, 69128,
    8678, 3288, 268 ]),

    PCGroup(\[ 10, 2, 2, 2, 2, 2, 2, 2, 2, 2, 2, 681, 651, 2042, 1032, 6022, 23363, 12973, 1703, 833, 2814, 2544, 1955, 3116, 33287, 37137, 12827, 4197, 397, 398 ]),

    PCGroup(\[ 10, 2, 2, 2, 2, 2, 2, 2, 2, 2, 2, 2560, 361, 2571, 1082, 3622, 20803, 15533, 3303, 4673, 6624, 16335, 1945, 4835, 51526, 10106, 7316, 1316, 346, 25617, 10907, 5477, 
    867 ]),

    PCGroup(\[ 10, 2, 2, 2, 2, 2, 2, 2, 2, 2, 2, 160, 681, 15482, 552, 3982, 5443, 15533, 9703, 5076, 28177, 14107, 28808, 34578, 18748, 8678, 618, 268 ]),

    PCGroup(\[ 10, 2, 2, 2, 2, 2, 2, 2, 2, 2, 2, 320, 1321, 3962, 1992, 10563, 5223, 1313, 1824, 1734, 8668, 64009, 8039, 4049 ]),

    PCGroup(\[ 10, -2, 2, 2, 2, 2, 2, -2, 2, 2, -2, 5120, 1321, 7691, 9672, 3862, 1453, 26404, 19614, 8224, 32645, 12495, 8185, 3525, 25617, 12827, 3247, 1657, 397, 4368, 2218, 268
    ]),

    PCGroup(\[ 10, 2, 2, 2, 2, 2, 2, 2, 2, 2, 2, 1280, 681, 2571, 19322, 3912, 33603, 5293, 2663, 36485, 2895, 4595, 40326, 20176, 10106, 28177, 12827, 7077, 1657, 397, 28808, 
    2218, 618 ]),

    PCGroup(\[ 10, 2, 2, 2, 2, 2, 2, 2, 2, 2, 2, 16361, 8011, 16442, 6022, 33603, 7853, 3943, 1313, 4115, 3376, 1706, 12807, 35857, 17947, 3877, 867, 237 ]),

    PCGroup(\[ 10, 2, 2, 2, 2, 2, 2, 2, 2, 2, 2, 10921, 651, 9672, 5302, 14253, 7143, 2593, 13214, 9824, 4934, 1644, 25617, 6437, 1007, 397, 14418, 18748, 8678, 4368, 268 ]),

    PCGroup(\[ 10, 2, 2, 2, 2, 2, 2, 2, 2, 2, 2, 5120, 681, 1383, 2593, 2014, 4934, 1644, 1007, 7228, 8678, 4368, 268 ]),

    PCGroup(\[ 10, 2, 2, 2, 2, 2, 2, 2, 2, 2, 2, 320, 361, 7691, 1082, 11832, 5782, 15683, 11693, 5223, 2913, 26404, 16335, 2675, 40326, 15367, 25617, 19227, 8997, 1657, 237 ]),

    PCGroup(\[ 10, 2, 2, 2, 2, 2, 2, 2, 2, 2, 2, 160, 681, 3962, 31043, 11693, 743, 18014, 2624, 3334, 1644, 44165, 2085, 44806, 2566, 5127, 6437, 3247, 43218, 10108, 8678, 2218, 
    1148, 618, 268 ]),

    PCGroup(\[ 10, -2, 2, 2, 2, 2, -2, 2, 2, 2, -2, 320, 11561, 6411, 6792, 2182, 25923, 12973, 13604, 19614, 3334, 16335, 4115, 20176, 2566, 626, 6437, 3247, 397, 34578, 8678 ]),

    PCGroup(\[ 10, 2, 2, 2, 2, 2, 2, 2, 2, 2, 2, 12201, 7691, 9672, 502, 12973, 7143, 1953, 6814, 7424, 4934, 16335, 4115, 20176, 5076, 28177, 1957, 1007, 397, 7228, 3638, 618 ])
]
