[ PowerStructure(GrpPC) |
    PCGroup(\[ 10, 2, 2, 2, 2, 2, 2, 2, 2, 2, 2, 10921, 8491, 11592, 15213, 40804, 8014, 9824, 5434, 2044, 8655, 2195, 24646, 576, 14586, 2696, 2566, 1876, 206, 25617, 3877, 4527, 23058, 2928, 788, 12819, 1649, 469 ]),

    PCGroup(\[ 10, 2, 2, 2, 2, 2, 2, 2, 2, 2, 2, 3931, 12072, 82, 12624, 17295, 11545, 2085, 1136, 2266, 2566, 10257, 1307, 867, 5778, 12268, 2218 ]),

    PCGroup(\[ 10, 2, 2, 2, 2, 2, 2, 2, 2, 2, 2, 4480, 19241, 2571, 27482, 14472, 2542, 20803, 7623, 27204, 814, 824, 844, 965, 495, 9625, 535, 8966, 22416, 9266, 5076, 2566, 346, 5127, 23057, 10907, 6437, 1657, 237 ]),

    PCGroup(\[ 10, 2, 2, 2, 2, 2, 2, 2, 2, 2, 2, 1562, 7512, 5302, 813, 9863, 193, 6814, 3624, 1734, 265, 11226, 876, 1446, 30727, 35857, 1307, 9157, 1017, 867 ]),

    PCGroup(\[ 10, 2, 2, 2, 2, 2, 2, 2, 2, 2, 2, 160, 5481, 4922, 10872, 31043, 5613, 6343, 3953, 8824, 33605, 9135, 1945, 2315, 1015, 8966, 22416, 866, 1156, 3686, 756, 626, 66567, 23057, 667, 8357, 4527, 1657, 397 ]),

    PCGroup(\[ 10, 2, 2, 2, 2, 2, 2, 2, 2, 2, 2, 160, 361, 20762, 10632, 6622, 31043, 493, 1863, 3953, 8824, 2885, 1455, 13465, 6155, 62726, 22416, 14306, 1156, 3686, 756, 5127, 23057, 10907, 8357, 4527, 1657 ]),

    PCGroup(\[ 10, 2, 2, 2, 2, 2, 2, 2, 2, 2, 2, 14042, 7032, 7342, 6823, 113, 5624, 13465, 2315, 535, 58246, 29136, 866, 7876, 3686, 756, 346, 71687, 35857, 667, 677, 4527, 1657, 237 ]),

    PCGroup(\[ 10, 2, 2, 2, 2, 2, 2, 2, 2, 2, 2, 842, 7752, 4042, 18243, 10413, 5303, 4833, 23204, 13214, 124, 3334, 1444, 29775, 985, 4115, 1845, 535, 8966, 4496, 17386, 5636, 2566, 1316, 346, 5127, 2577, 667, 5797, 3247, 1657, 237 ]),

    PCGroup(\[ 10, 2, 2, 2, 2, 2, 2, 2, 2, 2, 2, 20803, 10413, 5223, 1604, 20014, 3424, 2234, 1844, 965, 23535, 4345, 635, 2085, 175, 40326, 20176, 14586, 3956, 3686, 206, 2928, 1498, 1649, 859 ]),

    PCGroup(\[ 10, 2, 2, 2, 2, 2, 2, 2, 2, 2, 2, 4822, 2663, 39204, 10024, 6234, 1444, 48005, 265, 4475, 2085, 175, 7866, 2836, 3686, 206, 2928, 1498, 1649, 859 ]),

    PCGroup(\[ 10, 2, 2, 2, 2, 2, 2, 2, 2, 2, 2, 20803, 4973, 1604, 13214, 834, 844, 965, 16335, 515, 535, 8966, 316, 2566, 346, 5127, 197, 1657, 237 ]),

    PCGroup(\[ 10, 2, 2, 2, 2, 2, 2, 2, 2, 2, 2, 361, 171, 23162, 5352, 5422, 963, 15533, 1063, 3953, 12024, 2885, 1455, 12505, 6155, 62726, 13456, 586, 5636, 3686, 756, 66567, 23057, 16347, 3237, 4527, 1657 ]),

    PCGroup(\[ 10, 2, 2, 2, 2, 2, 2, 2, 2, 2, 2, 9280, 2601, 5451, 21722, 11352, 5782, 36163, 11053, 2503, 193, 26404, 16414, 4024, 2534, 1344, 58246, 25776, 13746, 4236, 1446, 206, 51207, 18587, 6437, 3247, 69128, 34578, 8678, 4368, 1148 ]),

    PCGroup(\[ 10, 2, 2, 2, 2, 2, 2, 2, 2, 2, 2, 521, 333, 214, 3845, 3855, 515, 285, 2246, 8976, 316, 186, 20487, 1297, 2597, 1327, 867, 11528, 2898, 1478, 768, 2218 ]),

    PCGroup(\[ 10, 2, 2, 2, 2, 2, 2, 2, 2, 2, 2, 1280, 4521, 971, 5402, 5112, 4653, 1863, 673, 26404, 18814, 424, 3334, 2044, 17285, 9615, 265, 2195, 3045, 775, 58246, 28016, 13186, 7316, 1446, 486, 17947, 1657, 867, 69128, 34578, 8678, 4368, 2218, 1148 ]),

    PCGroup(\[ 10, 2, 2, 2, 2, 2, 2, 2, 2, 2, 2, 14042, 13032, 5782, 31043, 19373, 6183, 113, 19614, 5624, 48005, 8655, 12505, 395, 14026, 7876, 3686, 756, 11227, 677, 4527, 1657 ]),

    PCGroup(\[ 10, 2, 2, 2, 2, 2, 2, 2, 2, 2, 2, 320, 18601, 6411, 26522, 1272, 3862, 20803, 8493, 8583, 2753, 45604, 6814, 6024, 2534, 2944, 69446, 20176, 2546, 4236, 1446, 206, 51207, 8347, 6437, 3247, 69128, 34578, 8678, 4368, 1148 ]),

    PCGroup(\[ 10, 2, 2, 2, 2, 2, 2, 2, 2, 2, 2, 4115, 2266, 5076, 1876, 906, 1307, 6437, 1017, 867, 237, 17308 ]),

    PCGroup(\[ 10, 2, 2, 2, 2, 2, 2, 2, 2, 2, 2, 424, 5834, 1044, 265, 6875, 3525, 415, 8436, 3406, 1456, 626, 5147, 4847, 217, 867, 397, 2908, 408, 2758, 1148, 268 ]),

    PCGroup(\[ 10, 2, 2, 2, 2, 2, 2, 2, 2, 2, 2, 331, 11592, 12333, 353, 4224, 3934, 344, 9145, 755, 175, 16657, 17947, 7397, 4687, 1657, 237, 37458, 9398, 4728 ]),

    PCGroup(\[ 10, 2, 2, 2, 2, 2, 2, 2, 2, 2, 2, 7783, 1313, 424, 834, 844, 265, 515, 535, 2266, 316, 2566, 756, 346, 1307, 197, 1967, 1657, 237 ]),

    PCGroup(\[ 10, 2, 2, 2, 2, 2, 2, 2, 2, 2, 2, 5120, 4041, 15482, 7272, 3862, 7143, 36004, 5414, 6624, 644, 21125, 7695, 8185, 7235, 1365, 1015, 67206, 4496, 10106, 3116, 4246, 1316, 626, 20487, 2577, 12827, 4197, 1327, 1657, 397, 11528, 1458, 17308, 8318, 768, 1148, 618, 268 ]),

    PCGroup(\[ 10, 2, 2, 2, 2, 2, 2, 2, 2, 2, 2, 333, 183, 1313, 214, 124, 844, 24015, 11065, 6275, 525, 535, 4496, 14586, 7036, 3266, 1316, 346, 2577, 17947, 4837, 207, 1657, 237 ]),

    PCGroup(\[ 10, 2, 2, 2, 2, 2, 2, 2, 2, 2, 2, 681, 8971, 7512, 11843, 15533, 7623, 673, 2404, 13214, 10824, 4934, 1244, 4345, 4115, 60486, 11216, 866, 1446, 1316, 206, 25617, 7707, 3247, 34578, 8678, 4368, 1148 ]),

    PCGroup(\[ 10, 2, 2, 2, 2, 2, 2, 2, 2, 2, 2, 2480, 19801, 5882, 2952, 32643, 19613, 404, 314, 9824, 334, 62726, 4496, 7316, 5127, 2577, 4527, 46088, 5798, 2928, 25609, 3239, 1649 ]),

    PCGroup(\[ 10, 2, 2, 2, 2, 2, 2, 2, 2, 2, 2, 9931, 7992, 20333, 5383, 113, 3845, 7695, 995, 285, 2246, 4496, 2276, 186, 20487, 2577, 5147, 677, 1327, 1657, 867, 11528, 1458, 2908, 398, 768, 2218, 1148 ]),

    PCGroup(\[ 10, 2, 2, 2, 2, 2, 2, 2, 2, 2, 2, 20, 18362, 7752, 3862, 24643, 10413, 2983, 993, 24804, 6334, 34565, 16335, 8185, 5795, 2246, 20176, 1156, 2566, 1316, 61447, 25617, 12827, 677, 11528, 34578, 17308, 398, 4368, 618 ]),

    PCGroup(\[ 10, 2, 2, 2, 2, 2, 2, 2, 2, 2, 2, 13001, 8891, 19562, 1752, 3442, 12973, 7783, 20004, 16814, 424, 2534, 244, 495, 6025, 5075, 175, 20487, 10257, 10267, 8997, 11528, 40338, 2908, 5798, 89609, 6419, 22429, 3239 ]),

    PCGroup(\[ 10, 2, 2, 2, 2, 2, 2, 2, 2, 2, 2, 5120, 20201, 2571, 15002, 4152, 6022, 20803, 493, 263, 4113, 1604, 3424, 1734, 965, 8655, 2195, 8966, 20176, 15146, 3116, 1446, 5127, 15377, 8027, 4037, 1017, 867 ]),

    PCGroup(\[ 10, 2, 2, 2, 2, 2, 2, 2, 2, 2, 2, 1682, 6612, 3862, 35363, 4893, 5223, 2593, 36004, 18014, 2824, 234, 1644, 12745, 155, 3525, 1015, 8966, 4496, 10106, 5076, 1166, 1456, 626, 5127, 2577, 5147, 2597, 4847, 1497, 397, 86408, 43218, 2908, 1478, 408, 1318, 268 ]),

    PCGroup(\[ 10, 2, 2, 2, 2, 2, 2, 2, 2, 2, 2, 5131, 15192, 4973, 10183, 3793, 814, 9824, 5234, 1644, 495, 995, 2085, 1015, 4496, 176, 1446, 626, 2577, 17947, 8037, 1017, 867, 397 ]),

    PCGroup(\[ 10, 2, 2, 2, 2, 2, 2, 2, 2, 2, 2, 15213, 7623, 13614, 6824, 834, 844, 15855, 7945, 515, 535, 4496, 2266, 316, 2566, 346, 2577, 1307, 197, 1657, 237 ]),

    PCGroup(\[ 10, 2, 2, 2, 2, 2, 2, 2, 2, 2, 2, 7322, 3862, 40643, 5223, 2593, 1604, 10424, 3334, 1644, 965, 1945, 2195, 1015, 8966, 13746, 5076, 2566, 756, 626, 5127, 667, 3877, 1967, 1657, 397 ]),

    PCGroup(\[ 10, 2, 2, 2, 2, 2, 2, 2, 2, 2, 2, 3912, 982, 15533, 1383, 673, 814, 4224, 3734, 1844, 495, 1465, 755, 2085, 175, 20176, 3386, 1716, 3686, 206, 2928, 1498, 1649, 859 ]),

    PCGroup(\[ 10, 2, 2, 2, 2, 2, 2, 2, 2, 2, 2, 183, 124, 3385, 3395, 1965, 2266, 4516, 2006, 1307, 7077, 1327, 11548, 2558, 768, 6429, 839, 249 ]),

    PCGroup(\[ 10, 2, 2, 2, 2, 2, 2, 2, 2, 2, 2, 13123, 20333, 3303, 2513, 19614, 534, 1644, 8655, 1475, 1125, 175, 2276, 25617, 5477, 1007, 1657, 237, 758 ]),

    PCGroup(\[ 10, 2, 2, 2, 2, 2, 2, 2, 2, 2, 2, 81, 62, 15683, 5933, 2023, 20004, 11214, 424, 3845, 7695, 265, 2246, 14016, 2266, 20487, 16657, 1307, 11528, 1458, 10108 ]),

    PCGroup(\[ 10, 2, 2, 2, 2, 2, 2, 2, 2, 2, 2, 5161, 3211, 242, 3492, 163, 13533, 13604, 6814, 2224, 4734, 244, 17285, 8655, 2905, 4835, 175, 4506, 2276, 51207, 5787, 5477, 3247, 1657, 237, 1468, 758 ]),

    PCGroup(\[ 10, 2, 2, 2, 2, 2, 2, 2, 2, 2, 2, 480, 1081, 51, 30403, 14253, 3553, 33604, 11614, 1444, 965, 14415, 5075, 1605, 175, 31366, 7316, 3686, 906, 5157, 1327, 1337, 1187, 46088, 23058, 1478, 5088, 418, 788, 25609, 12819, 11239, 849, 2859, 469 ]),

    PCGroup(\[ 10, 2, 2, 2, 2, 2, 2, 2, 2, 2, 2, 1280, 6441, 4491, 28442, 7512, 5182, 13123, 14253, 743, 4513, 23204, 10024, 1334, 1044, 59525, 24015, 265, 3635, 1125, 175, 49286, 20176, 5626, 6196, 2566, 206, 69128, 34578, 17308, 4368, 2218 ]),

    PCGroup(\[ 10, 2, 2, 2, 2, 2, 2, 2, 2, 2, 2, 15401, 331, 11642, 5712, 2602, 8003, 4653, 10103, 4993, 39204, 19614, 124, 334, 2544, 4496, 8986, 7876, 606, 2577, 14107, 8357, 367, 23058, 2908, 5078, 2928, 12819, 20829, 8839, 1649 ]),

    PCGroup(\[ 10, 2, 2, 2, 2, 2, 2, 2, 2, 2, 2, 2601, 2091, 27002, 5592, 36163, 7533, 2404, 11214, 7024, 3534, 144, 26895, 12025, 6035, 67206, 28576, 3386, 1716, 2566, 1876, 206, 1297, 4527, 23058, 11548, 5798, 2928, 788, 12819, 6429, 3239, 1649, 469 ]),

    PCGroup(\[ 10, 2, 2, 2, 2, 2, 2, 2, 2, 2, 2, 1520, 3721, 331, 13562, 12552, 982, 643, 9133, 3303, 2433, 404, 8414, 5824, 4134, 2744, 8185, 4115, 645, 17926, 31376, 6756, 3966, 1316, 206, 40967, 20497, 5157, 2607, 5768, 8658, 7958, 1128, 1138, 268, 12809, 6419, 1639, 849 ]),

    PCGroup(\[ 10, 2, 2, 2, 2, 2, 2, 2, 2, 2, 2, 742, 1863, 433, 1824, 2034, 1544, 985, 3035, 1125, 295, 586, 176, 2566, 206, 4837, 4527, 11548, 5798, 2928, 1498, 788, 6429, 3239, 1649, 859, 469 ]),

    PCGroup(\[ 10, 2, 2, 2, 2, 2, 2, 2, 2, 2, 2, 2503, 4513, 424, 5334, 1844, 265, 6515, 2085, 175, 10106, 1716, 3686, 206, 5798, 2928, 1498, 3239, 1649, 859 ]),

    PCGroup(\[ 10, 2, 2, 2, 2, 2, 2, 2, 2, 2, 2, 1161, 331, 22922, 15312, 202, 643, 2103, 193, 404, 5724, 144, 12025, 8966, 13456, 14586, 1156, 1726, 1876, 906, 5127, 2577, 12827, 8357, 367, 1017, 867, 237, 69128, 34578, 8678, 4368 ]),

    PCGroup(\[ 10, 2, 2, 2, 2, 2, 2, 2, 2, 2, 2, 183, 124, 985, 995, 885, 586, 1996, 606, 357, 367 ]),

    PCGroup(\[ 10, 2, 2, 2, 2, 2, 2, 2, 2, 2, 2, 7783, 3734, 3765, 2266, 2286, 1307, 1327, 11548, 768, 6429, 449 ]),

    PCGroup(\[ 10, 2, 2, 2, 2, 2, 2, 2, 2, 2, 2, 3862, 9923, 4973, 9703, 2513, 39204, 19614, 3424, 5034, 1644, 155, 2085, 1015, 14586, 1156, 2566, 1876, 346, 71687, 35857, 7707, 8357, 4527, 1657, 867, 237 ]),

    PCGroup(\[ 10, 2, 2, 2, 2, 2, 2, 2, 2, 2, 2, 7272, 1702, 8743, 1313, 13214, 8224, 1734, 2444, 1935, 6745, 3395, 1605, 1255, 1136, 7306, 8156, 4246, 1316, 206, 25617, 17947, 8997, 1967, 237 ]),

    PCGroup(\[ 10, 2, 2, 2, 2, 2, 2, 2, 2, 2, 2, 7783, 3233, 424, 3034, 1844, 265, 7355, 2085, 175, 10106, 3956, 3686, 206, 2928, 1498, 1649, 859 ]),

    PCGroup(\[ 10, 2, 2, 2, 2, 2, 2, 2, 2, 2, 2, 14121, 5131, 17162, 13032, 4102, 643, 8493, 7143, 4673, 404, 9214, 5734, 144, 55685, 16335, 6515, 1015, 67206, 20176, 4506, 1166, 626, 20487, 25617, 9637, 397, 11528, 34578, 1468, 408, 268 ]),

    PCGroup(\[ 10, 2, 2, 2, 2, 2, 2, 2, 2, 2, 2, 13161, 2731, 23162, 7032, 4822, 16323, 1773, 8583, 2913, 19614, 6624, 3334, 56645, 18735, 1705, 4115, 2085, 175, 22406, 15696, 12346, 7316, 3686, 206, 23058, 5798, 1498, 12819, 3239, 859 ]),

    PCGroup(\[ 10, 2, 2, 2, 2, 2, 2, 2, 2, 2, 2, 15401, 1512, 3943, 24965, 1935, 3155, 1136, 3956, 35857, 5147, 387, 23058, 2908, 248, 12819, 2859 ]),

    PCGroup(\[ 10, 2, 2, 2, 2, 2, 2, 2, 2, 2, 2, 4115, 1156, 1876, 906, 677, 1017, 867, 237, 8678 ]),

    PCGroup(\[ 10, 2, 2, 2, 2, 2, 2, 2, 2, 2, 2, 8361, 331, 16963, 4013, 1153, 21604, 5334, 144, 6995, 8976, 2276, 606, 2156, 626, 20487, 2577, 5797, 4847, 697, 867, 397, 11528, 43218, 5078, 408, 418, 1148, 268 ]),

    PCGroup(\[ 10, 2, 2, 2, 2, 2, 2, 2, 2, 2, 2, 7680, 10921, 331, 23162, 13512, 5782, 28004, 14014, 5024, 844, 8185, 60486, 25776, 16826, 2006, 1316, 206, 51207, 35857, 7707, 1967, 237 ]),

    PCGroup(\[ 10, 2, 2, 2, 2, 2, 2, 2, 2, 2, 2, 81, 62, 2243, 2253, 1303, 1604, 3214, 1424, 965, 5295, 985, 8966, 1976, 586, 5127, 657, 187 ]),

    PCGroup(\[ 10, 2, 2, 2, 2, 2, 2, 2, 2, 2, 2, 8320, 361, 5931, 6842, 6312, 6262, 34243, 1453, 10023, 113, 8414, 9824, 7685, 3855, 12025, 1475, 3045, 175, 17926, 8976, 2276, 2567, 32017, 3867, 5477, 3567, 1657, 237, 5768, 2898, 758 ]),

    PCGroup(\[ 10, 2, 2, 2, 2, 2, 2, 2, 2, 2, 2, 1280, 7721, 4331, 23162, 5443, 3693, 7783, 4513, 39204, 13614, 3424, 5334, 1444, 495, 8185, 7475, 2085, 175, 15696, 14586, 1716, 3686, 206, 23058, 5798, 2928, 1498, 12819, 3239, 1649, 859 ]),

    PCGroup(\[ 10, 2, 2, 2, 2, 2, 2, 2, 2, 2, 2, 5001, 2251, 23162, 10512, 7222, 643, 4013, 5943, 193, 404, 24414, 4924, 144, 24015, 3385, 8966, 17936, 14586, 4516, 3126, 2016, 5127, 17937, 17947, 4517, 1327, 2137, 46088, 5778, 15868, 1478, 4728, 1318, 25609, 44819, 11229, 11239, 449, 2259 ]),

    PCGroup(\[ 10, 2, 2, 2, 2, 2, 2, 2, 2, 2, 2, 1280, 19241, 9611, 15482, 2712, 5443, 16813, 7783, 673, 48804, 4424, 6134, 3044, 36485, 8655, 3145, 755, 1125, 175, 13446, 20176, 5626, 1716, 2566, 206, 34578, 4368, 2218 ]),

    PCGroup(\[ 10, 2, 2, 2, 2, 2, 2, 2, 2, 2, 2, 4841, 5131, 15192, 31043, 15213, 2503, 1313, 40004, 13214, 10024, 2434, 844, 47045, 8655, 11785, 4355, 535, 8966, 20176, 15706, 4796, 2566, 756, 346, 5127, 15377, 16667, 2757, 1967, 1657, 237 ]),

    PCGroup(\[ 10, 2, 2, 2, 2, 2, 2, 2, 2, 2, 2, 183, 124, 3385, 3045, 2266, 3686, 1307, 8997, 5798, 2928, 3239, 1649 ]),

    PCGroup(\[ 10, 2, 2, 2, 2, 2, 2, 2, 2, 2, 2, 7783, 4513, 424, 4534, 1844, 265, 1715, 2085, 175, 10106, 8436, 3686, 1046, 2928, 1498, 1649, 859 ]),

    PCGroup(\[ 10, 2, 2, 2, 2, 2, 2, 2, 2, 2, 2, 1156, 1876, 906, 677, 1017, 867, 237, 8678 ]),

    PCGroup(\[ 10, 2, 2, 2, 2, 2, 2, 2, 2, 2, 2, 515, 316, 8997, 4527, 1337, 387, 2928, 2578, 248, 1649, 459, 1469 ]),

    PCGroup(\[ 10, 2, 2, 2, 2, 2, 2, 2, 2, 2, 2, 651, 4872, 1942, 17214, 5424, 1644, 2895, 8185, 525, 535, 3686, 17937, 207, 1657, 237 ]),

    PCGroup(\[ 10, 2, 2, 2, 2, 2, 2, 2, 2, 2, 2, 353, 4734, 144, 755, 175, 8997, 4527, 1337, 5798, 768, 2578, 3239, 1649, 459 ]),

    PCGroup(\[ 10, 2, 2, 2, 2, 2, 2, 2, 2, 2, 2, 81, 1291, 62, 982, 7363, 4173, 343, 273, 1604, 4614, 1524, 934, 244, 965, 6015, 145, 1235, 175, 1696, 866 ])
]
