[ PowerStructure(GrpPC) |
    PCGroup(\[ 10, 2, 2, 2, 2, 2, 2, 2, 2, 2, 2, 242, 312, 142, 163, 493, 1063, 113, 3385, 2675, 2266, 2276, 20487, 1307, 9317, 1657, 867, 11528, 20908, 758, 2218, 1148 ]),

    PCGroup(\[ 10, 2, 2, 2, 2, 2, 2, 2, 2, 2, 2, 1900, 81, 62, 643, 2573, 1313, 6404, 424, 3334, 244, 485, 265, 4115, 175, 17926, 2567, 337, 3247, 1657, 237, 5768 ]),

    PCGroup(\[ 10, 2, 2, 2, 2, 2, 2, 2, 2, 2, 2, 2571, 21062, 7032, 3862, 4803, 16493, 5703, 2593, 1604, 13214, 5424, 3434, 244, 965, 16335, 1945, 3995, 175, 4506, 667, 9477, 3247, 1657, 237, 1468 ]),

    PCGroup(\[ 10, 2, 2, 2, 2, 2, 2, 2, 2, 2, 2, 320, 2841, 51, 24842, 12173, 7863, 193, 16014, 9724, 144, 7695, 8966, 576, 11226, 5076, 2566, 346, 5127, 10577, 11547, 6437, 3247, 237, 1458 ]),

    PCGroup(\[ 10, 2, 2, 2, 2, 2, 2, 2, 2, 2, 2, 4800, 8441, 5811, 17402, 4872, 31363, 5453, 3303, 1313, 404, 6614, 4224, 2134, 244, 38405, 11535, 9145, 755, 2085, 175, 17926, 8976, 2567, 21777, 17947, 6437, 1967, 1657, 237, 5768, 2898 ]),

    PCGroup(\[ 10, 2, 2, 2, 2, 2, 2, 2, 2, 2, 2, 10361, 5011, 2173, 3143, 273, 3214, 424, 234, 844, 1935, 265, 155, 535, 8966, 576, 2266, 5076, 2566, 1316, 346, 5127, 1297, 1307, 6437, 3247, 1657, 237 ]),

    PCGroup(\[ 10, 2, 2, 2, 2, 2, 2, 2, 2, 2, 2, 81, 5131, 62, 3862, 333, 183, 214, 124, 6334, 3855, 1945, 515, 8976, 4506, 316, 1297, 667, 1327, 1657, 867, 2898, 1468, 768, 2218, 1148 ]),

    PCGroup(\[ 10, 2, 2, 2, 2, 2, 2, 2, 2, 2, 2, 5120, 9001, 30362, 132, 31043, 93, 26404, 824, 834, 844, 32645, 1945, 515, 535, 40326, 4496, 306, 316, 2566, 1316, 346, 51207, 2577, 667, 197, 3247, 1657, 237 ]),

    PCGroup(\[ 10, 2, 2, 2, 2, 2, 2, 2, 2, 2, 2, 81, 8331, 62, 10632, 6742, 28483, 6093, 7223, 4033, 36004, 25014, 124, 6334, 644, 19215, 8665, 1955, 2085, 1015, 8966, 26896, 586, 5076, 2846, 1316, 626, 5127, 1297, 15387, 6437, 2927, 1657, 397, 2898, 2908, 398, 4368, 1148, 618, 268 ]),

    PCGroup(\[ 10, 2, 2, 2, 2, 2, 2, 2, 2, 2, 2, 14201, 51, 6893, 7463, 193, 4014, 9424, 144, 7695, 44806, 27456, 11226, 5076, 2566, 346, 46087, 40337, 11547, 6437, 3247, 237, 1458 ]),

    PCGroup(\[ 10, 2, 2, 2, 2, 2, 2, 2, 2, 2, 2, 1920, 13481, 1131, 13802, 5712, 82, 35523, 10413, 1313, 4804, 2414, 1224, 4934, 54725, 26895, 5785, 2195, 3045, 8966, 31936, 11506, 5076, 3686, 46087, 1297, 667, 3877, 1017, 867 ]),

    PCGroup(\[ 10, 2, 2, 2, 2, 2, 2, 2, 2, 2, 2, 13161, 3482, 14352, 142, 4803, 14413, 113, 16014, 3845, 22335, 12025, 6035, 2085, 295, 2246, 5336, 5626, 2836, 2566, 206, 21137, 12827, 6437, 17308, 8678, 2218, 1148 ]),

    PCGroup(\[ 10, 2, 2, 2, 2, 2, 2, 2, 2, 2, 2, 2281, 371, 242, 12912, 142, 163, 1213, 113, 22414, 3845, 22335, 4345, 4115, 3045, 295, 2246, 25916, 10106, 2836, 3686, 206, 657, 17947, 8997, 23058, 11548, 5798, 1498, 788, 12819, 6429, 3239, 859, 469 ]),

    PCGroup(\[ 10, 2, 2, 2, 2, 2, 2, 2, 2, 2, 2, 18601, 6371, 8762, 132, 982, 15683, 93, 2663, 4033, 20004, 15214, 6624, 2544, 26895, 12025, 42566, 22976, 2836, 2566, 1876, 206, 32017, 8997, 4527, 11548, 5798, 2928, 788, 6429, 3239, 1649, 469 ]),

    PCGroup(\[ 10, 2, 2, 2, 2, 2, 2, 2, 2, 2, 2, 9880, 281, 242, 163, 15204, 4414, 1624, 234, 15365, 3855, 2665, 155, 2246, 1986, 2696, 2566, 1316, 5127, 1297, 347, 1797, 867, 11528, 6868, 1298, 4368, 2218, 618 ]),

    PCGroup(\[ 10, 2, 2, 2, 2, 2, 2, 2, 2, 2, 2, 3881, 6251, 5712, 82, 11214, 5624, 18245, 19215, 5785, 8966, 10656, 866, 3686, 756, 5127, 32017, 5787, 4527, 1657 ]),

    PCGroup(\[ 10, 2, 2, 2, 2, 2, 2, 2, 2, 2, 2, 4841, 7691, 26522, 2592, 3982, 35523, 3853, 5223, 113, 3214, 19205, 3135, 12025, 2195, 2085, 1255, 20166, 18776, 14586, 2836, 2566, 1316, 206, 657, 12827, 6437, 17308, 8678, 2218, 1148 ]),

    PCGroup(\[ 10, 2, 2, 2, 2, 2, 2, 2, 2, 2, 2, 2281, 9531, 10802, 6432, 142, 14243, 5773, 7783, 3953, 3214, 49925, 255, 4345, 2195, 3045, 295, 56006, 21436, 10106, 5076, 3686, 206, 31377, 17947, 8997, 23058, 11548, 5798, 1498, 788, 12819, 6429, 3239, 859, 469 ]),

    PCGroup(\[ 10, 2, 2, 2, 2, 2, 2, 2, 2, 2, 2, 2400, 12121, 7811, 30362, 10212, 3142, 40643, 93, 6823, 2113, 28804, 8014, 1224, 2234, 2544, 7685, 3855, 1945, 6755, 1126, 27456, 15986, 3536, 2566, 1876, 206, 64007, 32017, 667, 8037, 4527, 46088, 23058, 2928, 788, 25609, 12819, 1649, 469 ]),

    PCGroup(\[ 10, 2, 2, 2, 2, 2, 2, 2, 2, 2, 2, 2560, 521, 432, 1942, 39363, 333, 8343, 193, 41604, 214, 12324, 144, 7685, 1945, 1126, 7576, 166, 2836, 2566, 1876, 206, 2567, 667, 8997, 4527, 5798, 2928, 788, 3239, 1649, 469 ]),

    PCGroup(\[ 10, 2, 2, 2, 2, 2, 2, 2, 2, 2, 2, 3002, 4183, 5604, 7014, 1624, 3845, 3855, 4225, 6035, 1125, 2246, 7856, 6606, 7316, 1446, 17927, 1297, 347, 8997, 3247 ]),

    PCGroup(\[ 10, 2, 2, 2, 2, 2, 2, 2, 2, 2, 2, 160, 11721, 6571, 11162, 12672, 2662, 9923, 6733, 3943, 1153, 2814, 50885, 30495, 985, 2195, 2085, 1255, 57126, 13176, 586, 2836, 2566, 1316, 206, 51207, 8977, 12827, 6437, 69128, 17308, 8678, 2218, 1148 ]),

    PCGroup(\[ 10, 2, 2, 2, 2, 2, 2, 2, 2, 2, 2, 2400, 15721, 2091, 7802, 792, 3862, 38723, 14893, 663, 14404, 814, 3424, 965, 8175, 4345, 2195, 62726, 32496, 166, 756, 5127, 3217, 4027, 6437, 1967, 867 ]),

    PCGroup(\[ 10, 2, 2, 2, 2, 2, 2, 2, 2, 2, 2, 160, 6921, 411, 3002, 10512, 862, 40003, 5773, 9063, 5073, 21614, 3845, 255, 12745, 6035, 2085, 1255, 38086, 8136, 5346, 2836, 2566, 1316, 206, 51207, 19857, 12827, 6437, 69128, 34578, 17308, 8678, 2218, 1148 ]),

    PCGroup(\[ 10, 2, 2, 2, 2, 2, 2, 2, 2, 2, 2, 842, 132, 643, 93, 404, 714, 13445, 1935, 7705, 2675, 1965, 8966, 1136, 10666, 2276, 2706, 5127, 8977, 5147, 6117, 1327, 23058, 2908, 758, 768, 12819, 829, 2839, 249 ]),

    PCGroup(\[ 10, 2, 2, 2, 2, 2, 2, 2, 2, 2, 2, 1931, 242, 2532, 163, 2973, 1604, 12014, 824, 2334, 2444, 965, 13935, 5545, 515, 1495, 4496, 306, 316, 2566, 1316, 346, 2577, 19547, 9957, 3247, 1657, 237, 17308, 8678 ]),

    PCGroup(\[ 10, 2, 2, 2, 2, 2, 2, 2, 2, 2, 2, 7481, 8971, 19523, 253, 2503, 3953, 20004, 814, 3224, 4834, 3845, 495, 6745, 4115, 2085, 2246, 4496, 7306, 5076, 2566, 20487, 2577, 8027, 9157, 1657, 867, 11528, 20178, 388, 5978, 2218, 1148 ]),

    PCGroup(\[ 10, 2, 2, 2, 2, 2, 2, 2, 2, 2, 2, 8441, 9291, 18243, 12413, 6183, 833, 21604, 814, 8624, 3334, 2744, 3845, 495, 7225, 7475, 2085, 535, 2246, 27456, 2266, 5636, 2566, 346, 38407, 17297, 1307, 5797, 3247, 237, 38898 ]),

    PCGroup(\[ 10, 2, 2, 2, 2, 2, 2, 2, 2, 2, 2, 6521, 9811, 8282, 38083, 15933, 9863, 3953, 14414, 3224, 2234, 13445, 25935, 11065, 515, 2085, 8966, 26896, 11226, 316, 2566, 5127, 657, 11547, 2277, 3247, 5778, 388, 1298, 2218, 1148, 618 ]),

    PCGroup(\[ 10, 2, 2, 2, 2, 2, 2, 2, 2, 2, 2, 16761, 8371, 31043, 5373, 3303, 353, 6014, 7424, 234, 244, 3855, 9145, 155, 175, 8976, 71687, 24337, 17947, 10117, 3247, 1657, 237, 2898 ]),

    PCGroup(\[ 10, 2, 2, 2, 2, 2, 2, 2, 2, 2, 2, 15542, 4163, 9773, 183, 3073, 5604, 12414, 124, 3134, 2844, 3845, 1935, 3865, 515, 2246, 1136, 2266, 316, 10257, 1307, 1327, 1657, 867, 5778, 748, 768, 2218, 1148 ]),

    PCGroup(\[ 10, 2, 2, 2, 2, 2, 2, 2, 2, 2, 2, 16441, 491, 4872, 4803, 1533, 3303, 3153, 1604, 10814, 424, 2134, 244, 965, 3855, 265, 2675, 175, 8976, 1297, 8667, 2437, 3247, 1657, 237, 2898 ]),

    PCGroup(\[ 10, 2, 2, 2, 2, 2, 2, 2, 2, 2, 2, 15561, 211, 23402, 252, 2182, 19373, 9703, 10804, 114, 6134, 944, 12495, 1945, 6035, 285, 8966, 8976, 14026, 1156, 186, 5127, 20497, 667, 677, 4047, 5778, 9388, 5798, 2028, 3219, 8829, 3239, 2649 ]),

    PCGroup(\[ 10, 2, 2, 2, 2, 2, 2, 2, 2, 2, 2, 23222, 7752, 5662, 12483, 10413, 5703, 49604, 814, 5424, 3034, 2444, 58565, 495, 1945, 3515, 1495, 8966, 12896, 17386, 8296, 2566, 1316, 346, 5127, 17297, 667, 8837, 3247, 1657, 237, 17308 ]),

    PCGroup(\[ 10, 2, 2, 2, 2, 2, 2, 2, 2, 2, 2, 1081, 1971, 792, 19523, 11373, 4743, 2593, 5604, 21614, 424, 3934, 3845, 19215, 265, 4355, 2246, 25776, 1986, 4796, 20487, 657, 7067, 7397, 3247, 1657, 867, 11528, 2898, 5068, 9758, 4368, 2218, 1148 ]),

    PCGroup(\[ 10, 2, 2, 2, 2, 2, 2, 2, 2, 2, 2, 21302, 3862, 18243, 5933, 10023, 4033, 36004, 6014, 11224, 1334, 144, 3865, 58246, 4496, 12626, 3396, 2566, 346, 71687, 2577, 11227, 3237, 3247, 237, 748 ]),

    PCGroup(\[ 10, 2, 2, 2, 2, 2, 2, 2, 2, 2, 2, 7401, 9571, 11642, 1332, 15683, 93, 3783, 20004, 6414, 7224, 24965, 495, 5795, 2085, 31366, 1136, 9266, 1316, 20487, 17937, 9317, 3247, 867, 11528, 2898, 6158, 4368, 1148 ]),

    PCGroup(\[ 10, 2, 2, 2, 2, 2, 2, 2, 2, 2, 2, 19241, 1451, 13562, 3972, 1942, 18243, 93, 8103, 193, 23204, 14414, 624, 144, 7695, 8966, 576, 2836, 2566, 346, 5127, 18577, 3877, 3247, 237, 1458 ]),

    PCGroup(\[ 10, 2, 2, 2, 2, 2, 2, 2, 2, 2, 2, 3840, 19921, 4811, 62, 7752, 3622, 15683, 8013, 183, 50404, 15414, 124, 3134, 3845, 7695, 11545, 4355, 2246, 22416, 2266, 4796, 20487, 23057, 1307, 1327, 1657, 867, 11528, 1458, 12268, 768, 2218, 1148 ]),

    PCGroup(\[ 10, 2, 2, 2, 2, 2, 2, 2, 2, 2, 2, 81, 3691, 62, 2782, 4803, 13613, 9863, 2913, 1604, 3214, 5424, 3334, 244, 965, 12975, 1945, 4115, 175, 8976, 4506, 657, 667, 3247, 1657, 237, 2898, 1468 ]),

    PCGroup(\[ 10, 2, 2, 2, 2, 2, 2, 2, 2, 2, 2, 1931, 6552, 5933, 4423, 4993, 16804, 13614, 4224, 3634, 21125, 495, 12985, 4835, 17926, 4496, 13466, 4656, 2566, 35847, 2577, 8987, 357, 1657, 5768, 20178, 12988, 9578, 4368 ]),

    PCGroup(\[ 10, 2, 2, 2, 2, 2, 2, 2, 2, 2, 2, 5360, 4201, 23162, 1872, 21123, 16013, 7783, 673, 404, 8014, 9824, 3334, 2044, 19205, 23295, 2195, 1255, 2246, 9536, 1446, 1316, 206, 51207, 25617 ]),

    PCGroup(\[ 10, 2, 2, 2, 2, 2, 2, 2, 2, 2, 2, 51, 17603, 22404, 5614, 2624, 3334, 3845, 495, 3385, 4115, 2246, 15696, 2266, 2566, 17927, 10257, 1307, 3247, 18728, 2898, 10108, 2218 ]),

    PCGroup(\[ 10, 2, 2, 2, 2, 2, 2, 2, 2, 2, 2, 7240, 5321, 9891, 21962, 11592, 18563, 9293, 7783, 27604, 20014, 4934, 444, 49925, 495, 1125, 775, 2246, 10376, 14586, 7316, 1316, 206, 30727, 15377 ]),

    PCGroup(\[ 10, 2, 2, 2, 2, 2, 2, 2, 2, 2, 2, 6240, 10281, 5131, 15482, 7752, 862, 11203, 13933, 2823, 913, 33604, 19614, 8424, 4934, 20165, 8655, 12745, 4835, 3045, 26886, 20176, 15706, 736, 756, 5127, 25617, 11547, 2917, 4527, 867 ]),

    PCGroup(\[ 10, 2, 2, 2, 2, 2, 2, 2, 2, 2, 2, 80, 2281, 2891, 24122, 9432, 6082, 3853, 2804, 14414, 9924, 144, 7695, 8966, 18496, 16266, 5076, 2566, 346, 46087, 22737, 7067, 6437, 237, 1458 ]),

    PCGroup(\[ 10, 2, 2, 2, 2, 2, 2, 2, 2, 2, 2, 10281, 51, 3862, 16173, 583, 2833, 7214, 3424, 1734, 495, 4345, 2195, 22406, 13456, 2976, 756, 30727, 12817, 1637, 1967, 867 ]),

    PCGroup(\[ 10, 2, 2, 2, 2, 2, 2, 2, 2, 2, 2, 80, 8841, 8291, 23402, 6672, 5782, 3853, 2804, 8814, 10224, 144, 7695, 8966, 18496, 6186, 5076, 346, 46087, 22737, 18587, 6437, 3247, 237, 1458 ]),

    PCGroup(\[ 10, 2, 2, 2, 2, 2, 2, 2, 2, 2, 2, 242, 12552, 1102, 163, 16813, 3943, 1393, 814, 1624, 1634, 495, 14425, 4355, 31366, 26896, 7306, 316, 2566, 20487, 38417, 347, 4037, 1657, 11528, 25938, 9028, 218, 2218 ]),

    PCGroup(\[ 10, 2, 2, 2, 2, 2, 2, 2, 2, 2, 2, 16601, 19442, 6252, 502, 25763, 13133, 353, 1604, 16214, 6624, 934, 644, 965, 11655, 2425, 4115, 415, 6736, 3686, 1876, 17947, 8997, 4527, 2297, 11548, 5798, 2928, 1498, 6429, 3239, 1649, 859 ]),

    PCGroup(\[ 10, 2, 2, 2, 2, 2, 2, 2, 2, 2, 2, 5131, 6362, 3972, 8643, 5213, 24014, 9824, 4934, 48965, 17295, 12025, 4115, 8966, 19056, 10106, 7316, 3686, 756, 5127, 12177, 7707, 4527, 1657 ]),

    PCGroup(\[ 10, 2, 2, 2, 2, 2, 2, 2, 2, 2, 2, 15081, 9371, 11292, 483, 10893, 1633, 33604, 314, 8224, 934, 244, 39365, 255, 10105, 4115, 175, 11216, 7316, 35857, 8997, 4527, 2297, 23058, 5798, 2928, 1498, 12819, 3239, 1649, 859 ]),

    PCGroup(\[ 10, 2, 2, 2, 2, 2, 2, 2, 2, 2, 2, 1001, 6731, 5882, 11652, 2243, 93, 5223, 1604, 8014, 965, 19215, 12025, 8966, 576, 2566, 756, 5127, 1297, 8997, 1967, 1657 ]),

    PCGroup(\[ 10, 2, 2, 2, 2, 2, 2, 2, 2, 2, 2, 8921, 4451, 242, 492, 2422, 163, 8013, 1633, 1604, 214, 6624, 934, 244, 965, 11655, 2425, 4115, 175, 11216, 14586, 7316, 17947, 8997, 4527, 2297, 11548, 5798, 2928, 1498, 6429, 3239, 1649, 859 ]),

    PCGroup(\[ 10, 2, 2, 2, 2, 2, 2, 2, 2, 2, 2, 18601, 4971, 16442, 15312, 82, 37443, 2593, 28004, 21214, 10624, 3634, 26895, 13465, 4115, 42566, 26896, 13466, 4656, 61447, 24337, 987, 2117, 1657, 57608, 2898, 388, 9578, 4368, 2218, 1148 ]),

    PCGroup(\[ 10, 2, 2, 2, 2, 2, 2, 2, 2, 2, 2, 17721, 2571, 13212, 15843, 16013, 993, 1604, 19514, 8224, 934, 244, 965, 255, 10105, 4115, 175, 6736, 7316, 8997, 4527, 2297, 5798, 2928, 1498, 3239, 1649, 859 ]),

    PCGroup(\[ 10, 2, 2, 2, 2, 2, 2, 2, 2, 2, 2, 842, 13092, 643, 17373, 404, 22314, 7705, 995, 3405, 4506, 7876, 606, 71687, 20497, 8987, 357, 367, 46088, 40338, 1468, 4718, 2568, 25609, 6419, 829, 5639, 2649 ]),

    PCGroup(\[ 10, 2, 2, 2, 2, 2, 2, 2, 2, 2, 2, 9060, 15081, 11222, 10152, 82, 12483, 5604, 19614, 3624, 4334, 844, 28805, 24015, 14185, 6755, 535, 2246, 29136, 6466, 1996, 2566, 1316, 906, 5127, 35857, 10587, 8037, 867, 237, 69128 ]),

    PCGroup(\[ 10, 2, 2, 2, 2, 2, 2, 2, 2, 2, 2, 1961, 7691, 20042, 132, 5782, 643, 93, 7463, 3873, 404, 3114, 2444, 3845, 24015, 3865, 6755, 1965, 2246, 29136, 15706, 2276, 606, 71687, 10257, 16667, 8037, 367, 46088, 5778, 748, 758, 4548, 25609, 44819, 20029, 10439, 249 ]),

    PCGroup(\[ 10, 2, 2, 2, 2, 2, 2, 2, 2, 2, 2, 860, 12401, 8971, 62, 13992, 262, 35523, 15533, 5783, 673, 404, 9414, 9824, 3334, 2544, 53765, 24015, 6035, 1126, 29136, 9126, 2566, 1876, 206, 64007, 17947, 4527, 23058, 11548, 5798, 2928, 788, 12819, 6429, 3239, 1649, 469 ]),

    PCGroup(\[ 10, 2, 2, 2, 2, 2, 2, 2, 2, 2, 2, 81, 62, 10563, 6093, 183, 4033, 2404, 13814, 124, 1734, 144, 24015, 12025, 6726, 23536, 2266, 5356, 1586, 346, 30727, 14097, 1307, 6757, 2127, 867, 237 ]),

    PCGroup(\[ 10, 2, 2, 2, 2, 2, 2, 2, 2, 2, 2, 81, 62, 31043, 16013, 663, 1953, 39204, 20814, 424, 1244, 3845, 23295, 265, 4115, 2085, 295, 2246, 27456, 166, 5076, 2566, 206, 15377, 7707, 8997, 4527, 5798, 2928, 1498, 788, 3239, 1649, 859, 469 ]),

    PCGroup(\[ 10, 2, 2, 2, 2, 2, 2, 2, 2, 2, 2, 30422, 5232, 3622, 10563, 5293, 183, 3873, 14814, 124, 3334, 1844, 2895, 9625, 4115, 2085, 175, 4506, 30727, 15377, 667, 6437, 3247, 1657, 237, 1468 ]),

    PCGroup(\[ 10, 2, 2, 2, 2, 2, 2, 2, 2, 2, 2, 10361, 51, 16013, 7863, 1953, 20814, 9724, 1244, 3845, 495, 12505, 4115, 2085, 295, 2246, 296, 14026, 5076, 2566, 206, 15377, 8997, 4527, 5798, 2928, 1498, 788, 3239, 1649, 859, 469 ]),

    PCGroup(\[ 10, 2, 2, 2, 2, 2, 2, 2, 2, 2, 2, 6960, 15881, 22442, 1512, 6082, 27523, 15693, 5463, 34004, 19414, 7224, 13445, 24975, 11665, 2195, 2085, 62726, 28016, 306, 5076, 1446, 5127, 39697, 18747, 3877, 3247 ]),

    PCGroup(\[ 10, 2, 2, 2, 2, 2, 2, 2, 2, 2, 2, 10202, 11592, 622, 40003, 7853, 183, 3633, 12004, 20814, 124, 1734, 444, 3845, 30255, 9265, 4115, 295, 2246, 27456, 11366, 5076, 206, 14427, 8997, 5798, 2928, 1498, 788, 3239, 1649, 859, 469 ]),

    PCGroup(\[ 10, 2, 2, 2, 2, 2, 2, 2, 2, 2, 2, 7152, 1942, 6723, 333, 6423, 8804, 214, 824, 7685, 14415, 10225, 2195, 2085, 15686, 13456, 306, 5076, 1446, 2567, 12817, 10427, 3877, 3247 ]),

    PCGroup(\[ 10, 2, 2, 2, 2, 2, 2, 2, 2, 2, 2, 18362, 4272, 322, 24643, 333, 5463, 2593, 31204, 214, 4824, 1644, 3845, 3855, 145, 4115, 1125, 1015, 2246, 25776, 10806, 5076, 1446, 626, 58887, 1297, 347, 3877, 3247, 397 ]),

    PCGroup(\[ 10, 2, 2, 2, 2, 2, 2, 2, 2, 2, 2, 14681, 8931, 23162, 11652, 93, 6823, 39204, 20814, 624, 3534, 144, 3855, 6035, 576, 12346, 1716, 2566, 1876, 206, 1297, 17947, 4527, 11548, 5798, 2928, 788, 6429, 3239, 1649, 469 ]),

    PCGroup(\[ 10, 2, 2, 2, 2, 2, 2, 2, 2, 2, 2, 7152, 682, 643, 12493, 5543, 4673, 404, 15414, 5424, 5734, 144, 55685, 8185, 2675, 1615, 67206, 2266, 5636, 4246, 1736, 626, 20487, 1307, 2597, 2927, 1177, 397, 11528, 21628, 5078, 768, 1678, 268 ]),

    PCGroup(\[ 10, 2, 2, 2, 2, 2, 2, 2, 2, 2, 2, 5081, 1811, 242, 4812, 1822, 163, 10893, 1233, 3114, 9824, 4934, 3845, 255, 8185, 2195, 295, 2246, 156, 5626, 5076, 206, 9617 ]),

    PCGroup(\[ 10, 2, 2, 2, 2, 2, 2, 2, 2, 2, 2, 2560, 20361, 7611, 2563, 16013, 183, 673, 1604, 20814, 124, 444, 965, 255, 985, 4115, 1125, 295, 566, 576, 586, 2836, 2566, 206 ]),

    PCGroup(\[ 10, 2, 2, 2, 2, 2, 2, 2, 2, 2, 2, 5091, 30362, 132, 1942, 40643, 93, 1313, 1604, 1614, 3424, 3334, 844, 965, 3855, 8185, 2195, 535, 8966, 576, 10106, 2836, 2566, 756, 346, 5127, 1297, 7707, 6437, 1967, 1657, 237 ]),

    PCGroup(\[ 10, 2, 2, 2, 2, 2, 2, 2, 2, 2, 2, 3002, 3862, 31363, 2253, 663, 38804, 2614, 1624, 59525, 3855, 1585, 4115, 1125, 62726, 7856, 166, 5076, 1446, 66567, 1297, 347, 3877, 3247 ]),

    PCGroup(\[ 10, 2, 2, 2, 2, 2, 2, 2, 2, 2, 2, 15241, 3771, 18362, 14232, 3202, 31363, 16653, 1623, 673, 38804, 20014, 12024, 444, 3845, 495, 9745, 4115, 1125, 295, 2246, 296, 11506, 2836, 2566, 206 ]),

    PCGroup(\[ 10, 2, 2, 2, 2, 2, 2, 2, 2, 2, 2, 6571, 7272, 3862, 9283, 653, 5063, 113, 3214, 9824, 3845, 255, 10585, 4115, 3045, 295, 2246, 8136, 11786, 5076, 3686, 206, 657, 17947, 8997, 5798, 1498, 788, 3239, 859, 469 ]),

    PCGroup(\[ 10, 2, 2, 2, 2, 2, 2, 2, 2, 2, 2, 5131, 3792, 2842, 25923, 333, 663, 673, 32804, 214, 10024, 3334, 444, 40325, 1935, 265, 2195, 295, 49286, 1136, 13606, 1446, 1316, 206 ]),

    PCGroup(\[ 10, 2, 2, 2, 2, 2, 2, 2, 2, 2, 2, 40, 16681, 3251, 14952, 13283, 253, 10023, 3393, 20004, 3214, 4224, 4834, 46085, 495, 1945, 3035, 2085, 38086, 28576, 4506, 7456, 1316, 46087, 13457, 667, 3077, 3247, 867, 57608, 41058, 1468, 5978, 2218, 618 ]),

    PCGroup(\[ 10, 2, 2, 2, 2, 2, 2, 2, 2, 2, 2, 3811, 19322, 8292, 1942, 25923, 93, 5223, 193, 32804, 5614, 5024, 934, 444, 7695, 49286, 22976, 3386, 1996, 2566, 206, 1458 ]),

    PCGroup(\[ 10, 2, 2, 2, 2, 2, 2, 2, 2, 2, 2, 8960, 17641, 9722, 14232, 40003, 27204, 5214, 2824, 834, 965, 22095, 3145, 1955, 67206, 4496, 4506, 1856, 1316, 61447, 2577, 8987, 197, 1657, 57608, 43218, 1468, 398, 4368 ]),

    PCGroup(\[ 10, 2, 2, 2, 2, 2, 2, 2, 2, 2, 2, 28922, 18243, 6573, 4663, 4033, 23204, 10014, 5724, 1734, 144, 12025, 4115, 2266, 5076, 1307, 3247, 8678, 4368 ]),

    PCGroup(\[ 10, 2, 2, 2, 2, 2, 2, 2, 2, 2, 2, 6251, 1752, 3873, 2414, 5434, 32645, 27375, 12505, 995, 3045, 40326, 31376, 14026, 8016, 3686, 51207, 2577, 2907, 357, 1017, 867 ]),

    PCGroup(\[ 10, 2, 2, 2, 2, 2, 2, 2, 2, 2, 2, 18281, 3531, 27482, 12192, 3862, 36803, 7533, 1623, 113, 8024, 25925, 29295, 8065, 2195, 2085, 1255, 32486, 33056, 8846, 2836, 2566, 1316, 206, 25617, 10587, 6437, 34578, 8678, 2218, 1148 ]),

    PCGroup(\[ 10, 2, 2, 2, 2, 2, 2, 2, 2, 2, 2, 15213, 5223, 45604, 814, 5024, 434, 55685, 495, 6265, 995, 67206, 22416, 7866, 176, 1316, 61447, 23057, 5147, 357, 3247, 57608, 43218, 2908, 4718, 4368 ]),

    PCGroup(\[ 10, 2, 2, 2, 2, 2, 2, 2, 2, 2, 2, 15482, 3862, 18883, 9773, 8023, 3233, 41604, 6014, 2324, 1734, 444, 60485, 1935, 145, 2195, 295, 54886, 1136, 8566, 5076, 206, 12827, 8997, 5798, 2928, 1498, 788, 3239, 1649, 859, 469 ]),

    PCGroup(\[ 10, 2, 2, 2, 2, 2, 2, 2, 2, 2, 2, 20, 6362, 4152, 3862, 6723, 9453, 343, 39204, 4934, 53765, 22575, 145, 3045, 2246, 31376, 15286, 2836, 3686, 756, 39687, 33297, 3387, 6437, 4527, 1657, 46088, 25609 ]),

    PCGroup(\[ 10, 2, 2, 2, 2, 2, 2, 2, 2, 2, 2, 7060, 20201, 24602, 15192, 3862, 26563, 11373, 183, 1313, 6404, 20014, 124, 844, 3845, 23535, 8545, 535, 1126, 4496, 10526, 5076, 2566, 756, 626, 2567, 2577, 8187, 3877, 1967, 1657, 397, 46088, 25609 ]),

    PCGroup(\[ 10, 2, 2, 2, 2, 2, 2, 2, 2, 2, 2, 23162, 7512, 1942, 20163, 15533, 2503, 1233, 40004, 13214, 7224, 1834, 47045, 16335, 1945, 3995, 26886, 11216, 9266, 1156, 2566, 756, 25607, 15377, 667, 8357, 1967, 1657 ]),

    PCGroup(\[ 10, 2, 2, 2, 2, 2, 2, 2, 2, 2, 2, 19082, 3862, 10883, 10413, 5463, 4513, 13204, 13214, 824, 2844, 3845, 16335, 7825, 4115, 1125, 295, 2246, 20176, 306, 2836, 2566, 206, 17947 ]),

    PCGroup(\[ 10, 2, 2, 2, 2, 2, 2, 2, 2, 2, 2, 29882, 132, 40003, 93, 40804, 814, 5024, 5734, 46085, 495, 985, 4355, 8966, 31936, 586, 4796, 2566, 5127, 13457, 5147, 7717, 1657, 48968, 13698, 2908, 7238, 1148 ]),

    PCGroup(\[ 10, 2, 2, 2, 2, 2, 2, 2, 2, 2, 2, 1641, 5402, 1992, 202, 17603, 19693, 5303, 1953, 1604, 8014, 124, 1734, 2844, 965, 22575, 2785, 2085, 775, 16806, 9536, 12766, 2836, 3686, 1316, 206, 51207, 12827, 8997, 2297, 11548, 5798, 2928, 1498, 788, 6429, 3239, 1649, 859, 469 ]),

    PCGroup(\[ 10, 2, 2, 2, 2, 2, 2, 2, 2, 2, 2, 5120, 20201, 28202, 9312, 82, 20333, 2593, 814, 7224, 1734, 48005, 495, 9625, 4115, 4496, 13746, 2836, 2566, 756, 71687, 2577, 667, 6437, 1967, 1657 ]),

    PCGroup(\[ 10, 2, 2, 2, 2, 2, 2, 2, 2, 2, 2, 8720, 17961, 20042, 13512, 3502, 29123, 333, 9943, 193, 16004, 214, 1524, 144, 53765, 13465, 1126, 34456, 11926, 2836, 2566, 1876, 206, 2567, 667, 8997, 4527, 46088, 11548, 5798, 2928, 788, 25609, 6429, 3239, 1649, 469 ]),

    PCGroup(\[ 10, 2, 2, 2, 2, 2, 2, 2, 2, 2, 2, 5882, 6312, 6322, 643, 17613, 663, 404, 21814, 1624, 13445, 26895, 9265, 4115, 1125, 8966, 34736, 9126, 5076, 1446, 5127, 32017, 5467, 3877, 3247 ]),

    PCGroup(\[ 10, 2, 2, 2, 2, 2, 2, 2, 2, 2, 2, 22202, 13512, 1522, 40003, 12973, 5303, 2353, 12004, 1614, 124, 1734, 444, 3845, 7215, 5425, 4115, 295, 2246, 576, 6886, 5076, 206, 9307, 8997, 11548, 5798, 2928, 1498, 788, 6429, 3239, 1649, 859, 469 ]),

    PCGroup(\[ 10, 2, 2, 2, 2, 2, 2, 2, 2, 2, 2, 5040, 5001, 22442, 3792, 142, 29123, 8813, 2903, 4934, 60485, 3855, 7825, 4115, 3045, 8966, 35296, 11086, 3686, 756, 5127, 1297, 19067, 3877, 4527, 867 ]),

    PCGroup(\[ 10, 2, 2, 2, 2, 2, 2, 2, 2, 2, 2, 6731, 2522, 12912, 82, 16963, 15533, 3393, 21604, 24414, 12424, 2734, 2444, 7685, 1935, 5545, 4835, 2085, 535, 33606, 1136, 306, 8716, 2566, 346, 2567, 19217, 19547, 5477, 3247, 237, 17308 ]),

    PCGroup(\[ 10, 2, 2, 2, 2, 2, 2, 2, 2, 2, 2, 242, 312, 142, 163, 493, 113, 40325, 1945, 1955, 49286, 4506, 1156, 71687, 667, 677, 46088, 1468, 398, 25609, 16829, 8839 ]),

    PCGroup(\[ 10, 2, 2, 2, 2, 2, 2, 2, 2, 2, 2, 3002, 2832, 1402, 643, 17453, 9943, 1313, 404, 22014, 7224, 844, 7685, 1935, 5545, 4115, 535, 33606, 1136, 306, 5076, 346, 2567, 19217, 7227, 3247, 237 ]),

    PCGroup(\[ 10, 2, 2, 2, 2, 2, 2, 2, 2, 2, 2, 5120, 5131, 242, 132, 7582, 163, 93, 5073, 1604, 13614, 10424, 434, 965, 15855, 1945, 6755, 2085, 8966, 22416, 306, 6896, 756, 5127, 23057, 16027, 357, 1967, 867 ]),

    PCGroup(\[ 10, 2, 2, 2, 2, 2, 2, 2, 2, 2, 2, 2560, 15081, 7691, 11352, 1942, 4803, 10893, 10023, 113, 26404, 16014, 6624, 3845, 255, 6985, 6035, 2085, 1255, 38086, 4216, 16546, 7316, 2566, 1316, 206, 51207, 21137, 12827, 6437, 8678, 2218, 1148 ]),

    PCGroup(\[ 10, 2, 2, 2, 2, 2, 2, 2, 2, 2, 2, 17481, 4171, 20042, 3912, 6982, 22083, 2413, 183, 2753, 2404, 1614, 124, 3334, 144, 3855, 8185, 67206, 576, 11086, 7316, 1446, 1316, 206, 51207, 1297, 12827, 6437, 3247, 69128, 8678, 4368, 1148 ]),

    PCGroup(\[ 10, 2, 2, 2, 2, 2, 2, 2, 2, 2, 2, 2560, 1961, 14042, 3192, 6142, 25923, 12013, 5303, 3713, 37604, 814, 124, 4934, 2044, 34565, 495, 1345, 2195, 1255, 2246, 26336, 12766, 2836, 2566, 1316, 206, 51207, 4507, 6437, 8678, 4368, 2218, 1148 ]),

    PCGroup(\[ 10, 2, 2, 2, 2, 2, 2, 2, 2, 2, 2, 5120, 14121, 10202, 132, 963, 93, 26404, 8414, 9024, 3334, 1644, 32645, 12495, 1945, 1955, 2085, 1015, 4496, 12906, 3676, 2566, 1316, 626, 2577, 667, 3557, 3247, 1657, 397, 43218, 7948, 398, 4368, 2218, 268 ]),

    PCGroup(\[ 10, 2, 2, 2, 2, 2, 2, 2, 2, 2, 2, 2560, 17321, 5131, 13032, 1942, 13763, 1293, 1383, 4993, 27204, 18214, 6224, 4934, 2044, 965, 27135, 12505, 6035, 2085, 295, 52646, 296, 5066, 2836, 2566, 206, 51207, 39697, 12827, 6437, 8678, 4368, 2218, 1148 ]),

    PCGroup(\[ 10, 2, 2, 2, 2, 2, 2, 2, 2, 2, 2, 51, 37763, 653, 183, 46804, 5614, 124, 3845, 495, 3385, 2195, 2085, 2246, 32776, 2266, 5076, 1446, 17927, 37777, 1307, 3877, 3247, 23058, 12819 ]),

    PCGroup(\[ 10, 2, 2, 2, 2, 2, 2, 2, 2, 2, 2, 20, 23642, 792, 1942, 9283, 10733, 663, 2593, 1604, 9824, 965, 12025, 6035, 29126, 20736, 166, 1876, 626, 5127, 16657, 14267, 6437, 4527, 867, 237, 46088, 25609 ]),

    PCGroup(\[ 10, 2, 2, 2, 2, 2, 2, 2, 2, 2, 2, 2560, 9961, 2411, 30362, 7752, 1822, 31043, 15533, 1604, 3214, 10524, 965, 24975, 13585, 2085, 8966, 1136, 446, 756, 5127, 31377, 827, 1967, 867 ]),

    PCGroup(\[ 10, 2, 2, 2, 2, 2, 2, 2, 2, 2, 2, 9961, 2571, 15002, 15192, 1822, 21443, 16013, 6663, 3153, 12014, 9824, 4934, 3845, 255, 6505, 2195, 295, 2246, 9816, 12626, 5076, 206, 24977, 17947, 8997, 5798, 1498, 788, 3239, 859, 469 ]),

    PCGroup(\[ 10, 2, 2, 2, 2, 2, 2, 2, 2, 2, 2, 10281, 242, 1812, 6862, 163, 20253, 9063, 113, 45604, 25214, 1424, 344, 55685, 22095, 11545, 6515, 285, 1015, 67206, 4496, 6186, 2276, 186, 626, 20487, 2577, 18587, 4517, 3727, 397, 11528, 43218, 12988, 398, 4908, 268 ]),

    PCGroup(\[ 10, 2, 2, 2, 2, 2, 2, 2, 2, 2, 2, 4960, 14121, 22982, 792, 82, 2243, 4973, 10404, 24814, 4824, 4934, 2444, 13445, 29295, 4825, 6035, 1495, 8966, 15136, 586, 2836, 2566, 1316, 346, 5127, 14737, 347, 3877, 3247, 1657, 237, 17308 ]),

    PCGroup(\[ 10, 2, 2, 2, 2, 2, 2, 2, 2, 2, 2, 3881, 6411, 17522, 4152, 6142, 23203, 10733, 7783, 273, 14814, 9424, 4734, 24965, 6735, 9145, 5315, 2565, 31366, 4496, 2266, 316, 3126, 20487, 2577, 14107, 6117, 2607, 11528, 20178, 22348, 9398, 5088, 89609, 35219, 1629, 2839, 849 ]),

    PCGroup(\[ 10, 2, 2, 2, 2, 2, 2, 2, 2, 2, 2, 9600, 19241, 27542, 312, 82, 38083, 15533, 4833, 13604, 9824, 3334, 13445, 24015, 4825, 1715, 2085, 1495, 8966, 29136, 17386, 7876, 2566, 1316, 346, 5127, 35857, 10907, 8357, 3247, 1657, 237, 17308 ]),

    PCGroup(\[ 10, 2, 2, 2, 2, 2, 2, 2, 2, 2, 2, 7721, 251, 29882, 4032, 2362, 15683, 10573, 2583, 5604, 214, 6824, 3334, 3845, 23055, 265, 2246, 22416, 10946, 5076, 20487, 2577, 7867, 3247, 867, 11528, 24498, 11728, 2218 ]),

    PCGroup(\[ 10, 2, 2, 2, 2, 2, 2, 2, 2, 2, 2, 5161, 7691, 11592, 34243, 1293, 4903, 3233, 1604, 14214, 12624, 1734, 444, 965, 22335, 12505, 2195, 295, 16806, 296, 14026, 5076, 206, 25617, 8997, 5798, 2928, 1498, 788, 3239, 1649, 859, 469 ]),

    PCGroup(\[ 10, 2, 2, 2, 2, 2, 2, 2, 2, 2, 2, 21962, 14832, 7402, 14723, 333, 663, 18004, 214, 11224, 53765, 6735, 5425, 4115, 1125, 69446, 4496, 13606, 5076, 1446, 64007, 2577, 347, 3877, 3247 ]),

    PCGroup(\[ 10, 2, 2, 2, 2, 2, 2, 2, 2, 2, 2, 18362, 5352, 15683, 8813, 183, 3713, 20004, 814, 124, 4934, 1544, 3845, 495, 10465, 4115, 1125, 295, 2246, 14016, 8286, 2836, 2566, 206, 19217, 17947, 8997, 4527, 5798, 2928, 1498, 788, 3239, 1649, 859, 469 ]),

    PCGroup(\[ 10, 2, 2, 2, 2, 2, 2, 2, 2, 2, 2, 26102, 3862, 643, 2093, 5463, 404, 2814, 4824, 59525, 1935, 7825, 4115, 1125, 62726, 1136, 10806, 5076, 1446, 66567, 8977, 5467, 3877, 3247 ]),

    PCGroup(\[ 10, 2, 2, 2, 2, 2, 2, 2, 2, 2, 2, 2880, 16121, 5171, 12483, 7213, 2023, 113, 15204, 2814, 944, 55685, 22095, 6515, 1005, 1015, 67206, 4496, 316, 3826, 626, 20487, 2577, 7397, 4687, 397, 11528, 43218, 758, 228, 268 ]),

    PCGroup(\[ 10, 2, 2, 2, 2, 2, 2, 2, 2, 2, 2, 6842, 132, 2302, 9283, 93, 2663, 273, 24804, 25214, 3624, 5034, 1244, 3845, 17295, 7945, 155, 3045, 1255, 2246, 19056, 13186, 2136, 1446, 1316, 206, 51207, 15377, 17947, 4527, 2297, 11548, 5798, 2928, 1498, 788, 6429, 3239, 1649, 859, 469 ]),

    PCGroup(\[ 10, 2, 2, 2, 2, 2, 2, 2, 2, 2, 2, 6411, 19562, 82, 20014, 3724, 4934, 1844, 495, 8065, 6035, 2085, 175, 20176, 10106, 3686, 206, 2928, 1498, 1649, 859 ]),

    PCGroup(\[ 10, 2, 2, 2, 2, 2, 2, 2, 2, 2, 2, 2112, 82, 1604, 2024, 1844, 965, 2185, 2085, 175, 40326, 10106, 3686, 206, 2928, 1498, 1649, 859 ]),

    PCGroup(\[ 10, 2, 2, 2, 2, 2, 2, 2, 2, 2, 2, 22202, 13632, 82, 20803, 5293, 37604, 25214, 6824, 1734, 444, 3845, 9615, 265, 4115, 2085, 1255, 2246, 10096, 4226, 2836, 1316, 206, 51207, 15377, 7707, 8997, 2297, 557, 11548, 2928, 1498, 788, 6429, 1649, 859, 469 ]),

    PCGroup(\[ 10, 2, 2, 2, 2, 2, 2, 2, 2, 2, 2, 5120, 6441, 7051, 15482, 5832, 2422, 33603, 16813, 8423, 1604, 6814, 11724, 5334, 444, 965, 4815, 10945, 6515, 1605, 535, 67206, 20176, 2266, 626, 20487, 25617, 1307, 397, 11528, 34578, 21628, 268 ]),

    PCGroup(\[ 10, 2, 2, 2, 2, 2, 2, 2, 2, 2, 2, 9641, 6971, 7752, 3862, 36163, 2573, 5463, 2593, 31204, 814, 8024, 3334, 1644, 3845, 495, 7825, 4115, 1015, 2246, 21856, 6886, 5076, 626, 20487, 337, 10587, 3247, 1657, 867, 397, 11528, 40698, 2548, 4368, 2218, 1148, 268 ]),

    PCGroup(\[ 10, 2, 2, 2, 2, 2, 2, 2, 2, 2, 2, 3552, 15043, 653, 8423, 993, 1604, 9414, 7424, 4134, 1844, 965, 255, 1465, 1235, 2085, 175, 40326, 6736, 7316, 3686, 17947, 8997, 4527, 2297, 5798, 2928, 1498, 3239, 1649, 859 ]),

    PCGroup(\[ 10, 2, 2, 2, 2, 2, 2, 2, 2, 2, 2, 23882, 14052, 643, 11613, 1063, 404, 15114, 1424, 24975, 7705, 7475, 885, 28016, 10666, 7876, 606, 71687, 20497, 14107, 8357, 367, 46088, 40338, 18028, 7598, 2388, 25609, 6419, 829, 5239, 4249 ]),

    PCGroup(\[ 10, 2, 2, 2, 2, 2, 2, 2, 2, 2, 2, 842, 132, 643, 93, 404, 714, 1935, 9625, 2675, 3285, 1015, 1136, 3946, 6756, 1166, 626, 51207, 10257, 10907, 9317, 2127, 1657, 867, 397, 69128, 5778, 21628, 6518, 408, 2218, 1148, 268 ]),

    PCGroup(\[ 10, 2, 2, 2, 2, 2, 2, 2, 2, 2, 2, 5120, 16921, 9722, 132, 6262, 13123, 93, 4193, 7685, 1455, 13465, 6875, 175, 17926, 4506, 2276, 2567, 12187, 6277, 1657, 237, 5768, 1468, 758 ]),

    PCGroup(\[ 10, 2, 2, 2, 2, 2, 2, 2, 2, 2, 2, 6842, 132, 862, 9283, 93, 10023, 3313, 12004, 7624, 834, 144, 3865, 1955, 8966, 23536, 4786, 6616, 2566, 346, 5127, 24337, 9947, 5317, 3247, 237, 748, 398 ]),

    PCGroup(\[ 10, 2, 2, 2, 2, 2, 2, 2, 2, 2, 2, 4200, 31203, 13613, 4673, 31204, 814, 5424, 3034, 844, 59525, 495, 1945, 875, 535, 2246, 7296, 17386, 8296, 2566, 1316, 346, 5127, 17297, 667, 7237, 867, 237 ]),

    PCGroup(\[ 10, 2, 2, 2, 2, 2, 2, 2, 2, 2, 2, 18521, 7371, 19802, 11652, 7582, 963, 93, 423, 113, 25214, 5024, 12495, 6265, 3155, 58246, 17936, 2266, 7316, 2006, 71687, 10257, 8987, 5157, 1327, 46088, 5778, 1468, 10118, 768, 25609, 3219, 17629, 3239, 5649 ]),

    PCGroup(\[ 10, 2, 2, 2, 2, 2, 2, 2, 2, 2, 2, 8921, 8291, 16922, 5892, 7342, 963, 93, 6503, 113, 24414, 3824, 48005, 12495, 9145, 6035, 1005, 58246, 15696, 8986, 7316, 1586, 71687, 2577, 14107, 8997, 2127, 46088, 5778, 18748, 5798, 228, 25609, 35219, 8829, 439, 5049 ]),

    PCGroup(\[ 10, 2, 2, 2, 2, 2, 2, 2, 2, 2, 2, 6080, 12281, 51, 15242, 21123, 653, 9063, 4513, 404, 4814, 5024, 3334, 1244, 3845, 27135, 10105, 2195, 3045, 1255, 38086, 576, 3386, 7316, 1446, 1316, 206, 51207, 15377 ]),

    PCGroup(\[ 10, 2, 2, 2, 2, 2, 2, 2, 2, 2, 2, 242, 7752, 163, 10413, 5604, 814, 1624, 1434, 3845, 495, 3865, 2675, 2246, 3936, 6186, 2276, 10257, 347, 1157, 1657, 867, 5778, 748, 758, 4368 ]),

    PCGroup(\[ 10, 2, 2, 2, 2, 2, 2, 2, 2, 2, 2, 491, 19922, 1512, 16163, 8173, 2663, 814, 8024, 2434, 1644, 495, 985, 515, 1015, 40326, 4496, 586, 316, 2566, 756, 626, 51207, 33297, 10587, 2757, 1967, 1657, 397 ]),

    PCGroup(\[ 10, 2, 2, 2, 2, 2, 2, 2, 2, 2, 2, 242, 7752, 163, 10413, 11224, 5634, 7215, 6745, 1955, 8966, 26896, 9826, 6616, 2566, 5127, 38417, 15067, 5637, 3247, 40328, 25938, 5068, 398, 4368, 2218 ]),

    PCGroup(\[ 10, 2, 2, 2, 2, 2, 2, 2, 2, 2, 2, 22682, 1392, 682, 25283, 333, 5943, 1633, 1604, 214, 7324, 4934, 1844, 965, 18975, 6625, 2195, 2085, 175, 40326, 29136, 12346, 3956, 5147, 2597, 1327, 697, 2908, 1478, 768, 418 ]),

    PCGroup(\[ 10, 2, 2, 2, 2, 2, 2, 2, 2, 2, 2, 15482, 11592, 35523, 653, 9543, 993, 33604, 12614, 1224, 4134, 1844, 39365, 255, 8905, 1235, 2085, 175, 22406, 6736, 12346, 3686, 206, 5798, 2928, 1498, 3239, 1649, 859 ]),

    PCGroup(\[ 10, 2, 2, 2, 2, 2, 2, 2, 2, 2, 2, 9001, 25562, 132, 36803, 93, 13604, 814, 824, 5934, 2444, 17285, 495, 13225, 995, 1495, 22406, 4496, 306, 4096, 2566, 1316, 346, 30727, 2577, 9627, 357, 3247, 1657, 237, 17308, 8678 ]),

    PCGroup(\[ 10, 2, 2, 2, 2, 2, 2, 2, 2, 2, 2, 19881, 5451, 4452, 6022, 32323, 93, 2983, 4033, 50404, 13214, 8024, 434, 144, 3865, 1955, 26886, 4496, 8146, 176, 2566, 346, 25607, 2577, 10587, 9797, 3247, 237, 748, 398 ]),

    PCGroup(\[ 10, 2, 2, 2, 2, 2, 2, 2, 2, 2, 2, 6971, 14522, 10512, 5242, 15683, 10573, 6423, 5604, 214, 6824, 3334, 3845, 19215, 265, 2246, 26896, 1986, 20487, 1297, 187, 1657, 867, 11528, 2898, 8848, 2218, 1148 ]),

    PCGroup(\[ 10, 2, 2, 2, 2, 2, 2, 2, 2, 2, 2, 12761, 242, 15192, 6862, 163, 10093, 9063, 113, 45604, 12414, 6624, 1544, 55685, 6735, 12985, 2675, 1725, 1015, 67206, 4496, 13466, 2276, 1866, 626, 20487, 2577, 10907, 357, 1807, 397, 11528, 20178, 20908, 4718, 1308, 268 ]),

    PCGroup(\[ 10, 2, 2, 2, 2, 2, 2, 2, 2, 2, 2, 27122, 15192, 7222, 36003, 20333, 9063, 353, 45604, 22814, 2824, 2234, 2844, 32645, 6735, 6025, 155, 2085, 775, 31366, 26896, 10106, 1166, 1736, 626, 61447, 17937, 12827, 4847, 1177, 397, 57608, 25938, 8678, 408, 1678, 268 ]),

    PCGroup(\[ 10, 2, 2, 2, 2, 2, 2, 2, 2, 2, 2, 1961, 4811, 242, 2772, 5902, 163, 4253, 7783, 113, 39204, 2814, 11024, 1544, 48005, 1935, 3865, 4595, 1725, 58246, 1136, 8986, 3116, 1866, 71687, 10257, 16027, 677, 1807, 46088, 5778, 10108, 7598, 1308, 25609, 44819, 10429, 8839, 6249 ]),

    PCGroup(\[ 10, 2, 2, 2, 2, 2, 2, 2, 2, 2, 2, 6411, 22682, 12912, 2782, 30403, 6253, 5303, 4833, 14404, 5614, 124, 3334, 1844, 16325, 13935, 7585, 6035, 2085, 175, 22406, 24656, 12346, 3686, 206, 11548, 5798, 2928, 1498, 6429, 3239, 1649, 859 ]),

    PCGroup(\[ 10, 2, 2, 2, 2, 2, 2, 2, 2, 2, 2, 17801, 3331, 11402, 5892, 1702, 21123, 93, 3943, 2753, 26004, 15914, 1824, 3334, 144, 17285, 14415, 6035, 175, 23058, 11548, 5798, 2928, 12819, 6429, 3239, 1649 ]),

    PCGroup(\[ 10, 2, 2, 2, 2, 2, 2, 2, 2, 2, 2, 242, 11652, 163, 15453, 39204, 814, 1624, 5634, 844, 48005, 495, 12505, 515, 535, 4496, 14026, 316, 2566, 346, 2577, 347, 7877, 1657, 237 ]),

    PCGroup(\[ 10, 2, 2, 2, 2, 2, 2, 2, 2, 2, 2, 15482, 5472, 3862, 25283, 333, 4583, 1633, 27204, 214, 7424, 4934, 1844, 31685, 3615, 1465, 2195, 2085, 175, 40326, 29136, 10106, 3956, 626, 5147, 2597, 1327, 697, 2908, 1478, 768, 418 ]),

    PCGroup(\[ 10, 2, 2, 2, 2, 2, 2, 2, 2, 2, 2, 40, 121, 23523, 1533, 3303, 8804, 814, 1024, 5934, 244, 23045, 495, 1465, 4835, 175, 17926, 2276, 2567, 7057, 7707, 5477, 3247, 1657, 237, 5768, 758 ]),

    PCGroup(\[ 10, 2, 2, 2, 2, 2, 2, 2, 2, 2, 2, 320, 7801, 51, 7802, 3142, 36163, 17133, 4263, 4673, 26404, 1614, 9824, 2534, 1744, 19215, 8185, 22406, 27456, 5626, 5356, 1446, 1316, 206, 51207, 1297, 12827, 6437, 3247, 69128, 34578, 8678, 4368, 1148 ]),

    PCGroup(\[ 10, 2, 2, 2, 2, 2, 2, 2, 2, 2, 2, 40, 20201, 38883, 10183, 16004, 814, 10024, 834, 844, 38405, 495, 11785, 6275, 535, 38086, 31376, 2266, 7036, 2566, 1316, 346, 21767, 33297, 1307, 197, 3247, 1657, 237 ]),

    PCGroup(\[ 10, 2, 2, 2, 2, 2, 2, 2, 2, 2, 2, 7800, 7721, 6531, 12722, 612, 5062, 163, 5853, 4263, 3393, 16004, 21614, 11424, 4134, 144, 53765, 26895, 12025, 1126, 14016, 6186, 7596, 2566, 1876, 206, 2567, 1297, 8997, 4527, 46088, 23058, 11548, 5798, 2928, 788, 25609, 12819, 6429, 3239, 1649, 469 ]),

    PCGroup(\[ 10, 2, 2, 2, 2, 2, 2, 2, 2, 2, 2, 19081, 842, 15192, 202, 1923, 17133, 183, 193, 2004, 24014, 124, 144, 3855, 59926, 28576, 8286, 2836, 2566, 1876, 206, 1297, 17947, 8997, 4527, 11548, 5798, 2928, 788, 6429, 3239, 1649, 469 ]),

    PCGroup(\[ 10, 2, 2, 2, 2, 2, 2, 2, 2, 2, 2, 17801, 2091, 5352, 15683, 3213, 7863, 673, 20004, 4814, 9724, 444, 40325, 11775, 12505, 4115, 1125, 295, 49286, 22976, 14026, 2836, 2566, 206 ]),

    PCGroup(\[ 10, 2, 2, 2, 2, 2, 2, 2, 2, 2, 2, 7562, 3792, 4762, 36163, 15693, 8343, 673, 45604, 19414, 10024, 444, 9605, 1935, 265, 4115, 1125, 295, 13446, 1136, 166, 2836, 2566, 206 ]),

    PCGroup(\[ 10, 2, 2, 2, 2, 2, 2, 2, 2, 2, 2, 12841, 4331, 19322, 10392, 82, 32804, 14414, 9524, 2344, 3845, 19695, 10225, 1125, 295, 2246, 576, 8006, 2566, 206, 29457, 17947, 4527, 23058, 11548, 2928, 1498, 788, 12819, 6429, 1649, 859, 469 ]),

    PCGroup(\[ 10, 2, 2, 2, 2, 2, 2, 2, 2, 2, 2, 2800, 2961, 18302, 15192, 5662, 10883, 4013, 663, 404, 814, 8524, 1734, 34565, 495, 9985, 4115, 2246, 4496, 13606, 2566, 756, 73607, 2577, 4027, 1967, 1657 ]),

    PCGroup(\[ 10, 2, 2, 2, 2, 2, 2, 2, 2, 2, 2, 7860, 2921, 10742, 5542, 32003, 4653, 9063, 113, 6404, 9824, 60005, 1935, 12745, 4115, 3045, 295, 566, 1136, 14306, 5076, 3686, 206, 1287, 17947, 8997, 5798, 1498, 788, 3239, 859, 469 ]),

    PCGroup(\[ 10, 2, 2, 2, 2, 2, 2, 2, 2, 2, 2, 8480, 561, 6971, 62, 5242, 29123, 18093, 7863, 193, 16004, 3614, 124, 4934, 2544, 7685, 24015, 12025, 1126, 34456, 15146, 5076, 2566, 1876, 206, 64007, 35857, 17947, 8997, 4527, 46088, 5798, 2928, 788, 25609, 3239, 1649, 469 ]),

    PCGroup(\[ 10, 2, 2, 2, 2, 2, 2, 2, 2, 2, 2, 30362, 792, 40643, 10093, 9223, 4593, 18404, 10814, 1624, 2434, 2444, 3845, 3855, 14185, 5195, 2085, 535, 2246, 16816, 8146, 1856, 2566, 346, 38407, 1297, 347, 2757, 3247, 237, 17308, 8678 ]),

    PCGroup(\[ 10, 2, 2, 2, 2, 2, 2, 2, 2, 2, 2, 2952, 333, 2343, 1153, 214, 624, 1334, 144, 6735, 58246, 4496, 7866, 3956, 2006, 71687, 2577, 5147, 2597, 1327, 46088, 20178, 2908, 1478, 768, 25609, 35219, 22429, 11239, 5649 ]),

    PCGroup(\[ 10, 2, 2, 2, 2, 2, 2, 2, 2, 2, 2, 13032, 27843, 3693, 8743, 3553, 28805, 3855, 3385, 395, 2085, 535, 8966, 16816, 6746, 736, 2566, 346, 5127, 1297, 6427, 6597, 3247, 237, 8678 ]),

    PCGroup(\[ 10, 2, 2, 2, 2, 2, 2, 2, 2, 2, 2, 643, 1293, 183, 404, 814, 124, 3845, 495, 985, 2246, 296, 586, 25617, 5147, 397, 34578, 2908, 268 ]),

    PCGroup(\[ 10, 2, 2, 2, 2, 2, 2, 2, 2, 2, 2, 5352, 1462, 13763, 17453, 6663, 21604, 9214, 5824, 434, 2444, 7685, 1935, 7225, 2795, 2085, 535, 33606, 1136, 2266, 176, 2566, 346, 2567, 19217, 1307, 9797, 3247, 237, 8678 ]),

    PCGroup(\[ 10, 2, 2, 2, 2, 2, 2, 2, 2, 2, 2, 9722, 2422, 643, 333, 8103, 404, 214, 1424, 13445, 12495, 6265, 5795, 285, 1015, 67206, 4496, 7866, 3116, 186, 626, 20487, 2577, 15387, 4197, 3727, 397, 11528, 43218, 14428, 6158, 4908, 268 ]),

    PCGroup(\[ 10, 2, 2, 2, 2, 2, 2, 2, 2, 2, 2, 7040, 8361, 6312, 5302, 27843, 15853, 3553, 3334, 28805, 29775, 9625, 4475, 2085, 535, 8966, 22416, 17386, 456, 2566, 346, 5127, 23057, 10907, 10117, 3247, 237, 8678 ]),

    PCGroup(\[ 10, 2, 2, 2, 2, 2, 2, 2, 2, 2, 2, 480, 12041, 13082, 432, 17603, 333, 1604, 214, 965, 1695, 31366, 29136, 2266, 2006, 1036, 20487, 35857, 1307, 1327, 697, 11528, 23058, 10108, 768, 418, 12819, 20829, 11239 ]),

    PCGroup(\[ 10, 2, 2, 2, 2, 2, 2, 2, 2, 2, 2, 6792, 13763, 9133, 6823, 47204, 11614, 2224, 434, 2444, 38405, 14415, 5785, 6635, 2085, 535, 69446, 4496, 3946, 176, 2566, 346, 43527, 2577, 5787, 4677, 3247, 237, 8678 ]),

    PCGroup(\[ 10, 2, 2, 2, 2, 2, 2, 2, 2, 2, 2, 14761, 9131, 17882, 8232, 4462, 32323, 14253, 8903, 3553, 48804, 1214, 824, 5834, 844, 4115, 2085, 44806, 3376, 306, 6616, 1316, 346, 46087, 26897, 9307, 3077, 1657, 237, 34578, 8678 ]),

    PCGroup(\[ 10, 2, 2, 2, 2, 2, 2, 2, 2, 2, 2, 5801, 26042, 432, 34883, 333, 47204, 214, 48005, 12495, 995, 285, 58246, 15696, 1996, 186, 71687, 10257, 357, 1167, 46088, 5778, 10108, 3998, 2388, 25609, 44819, 17629, 7639, 4249 ]),

    PCGroup(\[ 10, 2, 2, 2, 2, 2, 2, 2, 2, 2, 2, 10121, 11642, 2563, 333, 183, 1604, 214, 124, 965, 1935, 985, 566, 1136, 586, 51207, 5147, 397, 69128, 2908, 268 ]),

    PCGroup(\[ 10, 2, 2, 2, 2, 2, 2, 2, 2, 2, 2, 13562, 1222, 27843, 13933, 9863, 4913, 7685, 1935, 9625, 1115, 2085, 535, 33606, 1136, 17386, 8856, 2566, 346, 2567, 19217, 10907, 5637, 3247, 237, 8678 ]),

    PCGroup(\[ 10, 2, 2, 2, 2, 2, 2, 2, 2, 2, 2, 17321, 37443, 333, 9383, 10404, 214, 2624, 24015, 10105, 6755, 885, 29136, 12346, 8716, 606, 8977, 10267, 8037, 367, 15858, 20188, 7598, 2568, 30419, 3229, 5239, 4449 ]),

    PCGroup(\[ 10, 2, 2, 2, 2, 2, 2, 2, 2, 2, 2, 19241, 9611, 28922, 8232, 3622, 493, 5703, 113, 44806, 21296, 16266, 3676, 2566, 1316, 346, 46087, 26897, 17307, 3557, 3247, 1657, 237, 34578, 17308, 8678 ]),

    PCGroup(\[ 10, 2, 2, 2, 2, 2, 2, 2, 2, 2, 2, 9002, 4392, 82, 10014, 11124, 3044, 48005, 12495, 3385, 995, 285, 58246, 15696, 586, 1996, 186, 71687, 10257, 1307, 357, 1167, 46088, 5778, 10108, 4718, 2028, 25609, 44819, 15229, 8439, 3849 ]),

    PCGroup(\[ 10, 2, 2, 2, 2, 2, 2, 2, 2, 2, 2, 21242, 742, 21443, 493, 4263, 2193, 48005, 29775, 1945, 7595, 2085, 535, 58246, 22416, 8426, 1296, 2566, 346, 71687, 23057, 667, 5957, 3247, 237, 8678 ]),

    PCGroup(\[ 10, 2, 2, 2, 2, 2, 2, 2, 2, 2, 2, 10632, 643, 4013, 3703, 404, 5214, 4524, 59525, 6735, 11065, 2915, 3405, 1495, 44806, 13456, 15706, 1996, 3266, 1316, 346, 46087, 12817, 16667, 8037, 1487, 1657, 237, 8678, 4368 ]),

    PCGroup(\[ 10, 2, 2, 2, 2, 2, 2, 2, 2, 2, 2, 10281, 842, 2093, 183, 2814, 124, 3845, 16335, 11065, 3645, 1015, 2246, 20176, 2266, 4106, 626, 20487, 25617, 1307, 8677, 397, 11528, 34578, 21628, 8318, 268 ]),

    PCGroup(\[ 10, 2, 2, 2, 2, 2, 2, 2, 2, 2, 2, 1512, 1462, 12483, 1773, 18404, 19614, 5424, 834, 2444, 3845, 24015, 1945, 3275, 2085, 535, 2246, 29136, 8426, 8576, 2566, 346, 38407, 35857, 667, 197, 3247, 237, 8678 ]),

    PCGroup(\[ 10, 2, 2, 2, 2, 2, 2, 2, 2, 2, 2, 17961, 3851, 643, 18093, 183, 404, 22814, 124, 3845, 27855, 14425, 4835, 2805, 1015, 2246, 33616, 16266, 1996, 606, 626, 51207, 10257, 15387, 5477, 367, 397, 69128, 5778, 14428, 4718, 5448, 268 ]),

    PCGroup(\[ 10, 2, 2, 2, 2, 2, 2, 2, 2, 2, 2, 9001, 4491, 13562, 13992, 963, 9453, 4583, 1873, 13214, 6624, 28805, 6735, 9625, 3755, 2085, 535, 8966, 13456, 17386, 1296, 2566, 346, 5127, 12817, 10907, 5957, 3247, 237, 8678 ]),

    PCGroup(\[ 10, 2, 2, 2, 2, 2, 2, 2, 2, 2, 2, 26042, 6502, 8643, 14573, 263, 4433, 28805, 3855, 7225, 1115, 2085, 535, 8966, 16816, 2266, 4376, 2566, 346, 5127, 1297, 1307, 5637, 3247, 237, 8678 ]),

    PCGroup(\[ 10, 2, 2, 2, 2, 2, 2, 2, 2, 2, 2, 7051, 9192, 3142, 12483, 20333, 4263, 48804, 6814, 5424, 234, 2444, 59525, 8655, 1945, 155, 2085, 535, 44806, 11216, 8426, 7736, 2566, 346, 46087, 15377, 667, 4357, 3247, 237, 8678 ]),

    PCGroup(\[ 10, 2, 2, 2, 2, 2, 2, 2, 2, 2, 2, 28922, 5062, 7363, 3693, 5383, 2353, 7685, 1935, 11065, 635, 2085, 535, 33606, 1136, 15706, 4936, 2566, 346, 2567, 19217, 16667, 10117, 3247, 237, 8678 ]),

    PCGroup(\[ 10, 2, 2, 2, 2, 2, 2, 2, 2, 2, 2, 13481, 4491, 10152, 10413, 3143, 39204, 5214, 11024, 234, 2444, 48005, 6735, 985, 155, 1495, 58246, 13456, 586, 7736, 906, 71687, 12817, 19867, 9477, 3247, 1657, 867, 237, 34578 ]),

    PCGroup(\[ 10, 2, 2, 2, 2, 2, 2, 2, 2, 2, 2, 13992, 1462, 30403, 10413, 1543, 753, 44004, 10814, 2224, 4034, 2444, 34565, 3855, 5785, 3275, 2085, 535, 38086, 16816, 3946, 8576, 2566, 346, 79367, 1297, 5787, 197, 3247, 237, 8678 ]),

    PCGroup(\[ 10, 2, 2, 2, 2, 2, 2, 2, 2, 2, 2, 13032, 5302, 8643, 4333, 3623, 833, 7685, 29775, 3385, 395, 2085, 535, 33606, 22416, 6746, 736, 2566, 346, 2567, 23057, 6427, 6597, 3247, 237, 8678 ]),

    PCGroup(\[ 10, 2, 2, 2, 2, 2, 2, 2, 2, 2, 2, 9801, 1691, 14762, 2472, 82, 24414, 11024, 48005, 6735, 3865, 2675, 58246, 15696, 586, 2276, 71687, 2577, 8347, 4517, 46088, 5778, 7948, 758, 25609, 35219, 20029, 10439 ]),

    PCGroup(\[ 10, 2, 2, 2, 2, 2, 2, 2, 2, 2, 2, 19241, 4491, 2472, 963, 10733, 1703, 833, 13214, 59525, 6735, 985, 4235, 2085, 535, 44806, 13456, 586, 5216, 2566, 346, 46087, 12817, 9627, 1477, 3247, 237, 8678 ]),

    PCGroup(\[ 10, 2, 2, 2, 2, 2, 2, 2, 2, 2, 2, 28922, 7162, 643, 9293, 183, 404, 11414, 124, 48005, 22095, 3385, 4355, 285, 1495, 58246, 31376, 6746, 4796, 186, 1316, 346, 71687, 33297, 6427, 9957, 2447, 1657, 237, 8678, 4368 ]),

    PCGroup(\[ 10, 2, 2, 2, 2, 2, 2, 2, 2, 2, 2, 10321, 9691, 15422, 14472, 82, 38723, 10413, 2593, 22014, 11024, 6134, 59525, 3855, 9625, 3635, 3045, 1495, 44806, 19056, 586, 5636, 3686, 1316, 346, 46087, 19217, 19867, 5797, 4527, 1657, 237, 34578, 17308 ]),

    PCGroup(\[ 10, 2, 2, 2, 2, 2, 2, 2, 2, 2, 2, 8201, 51, 4922, 1462, 3533, 2983, 214, 2224, 38405, 28815, 13945, 4355, 1725, 1015, 15686, 1136, 16826, 4796, 1866, 626, 43527, 29457, 5147, 2277, 1807, 397, 37448, 38898, 2908, 3998, 1308, 268 ]),

    PCGroup(\[ 10, 2, 2, 2, 2, 2, 2, 2, 2, 2, 2, 4441, 9131, 9842, 6312, 382, 12963, 423, 113, 2404, 5024, 2844, 12495, 6265, 3155, 33616, 2266, 1156, 626, 10257, 1307, 677, 397, 5778, 21628, 10838, 268 ]),

    PCGroup(\[ 10, 2, 2, 2, 2, 2, 2, 2, 2, 2, 2, 18122, 14352, 82, 6723, 14253, 15204, 7824, 1944, 55685, 22095, 3385, 4355, 1015, 67206, 4496, 11226, 4796, 626, 20487, 2577, 667, 2277, 397, 11528, 43218, 10108, 3998, 268 ]),

    PCGroup(\[ 10, 2, 2, 2, 2, 2, 2, 2, 2, 2, 2, 5120, 10281, 842, 8112, 4042, 10563, 333, 2663, 13604, 214, 3424, 3845, 3855, 12625, 1125, 2246, 7856, 14166, 1446, 17927, 1297, 15067, 3877, 1657, 867 ]),

    PCGroup(\[ 10, 2, 2, 2, 2, 2, 2, 2, 2, 2, 2, 22682, 2832, 262, 18883, 333, 4263, 673, 3204, 214, 5024, 3334, 1344, 1126, 16536, 8426, 2566, 206, 33287, 16657, 17947, 4527, 11548, 5798, 2928, 788, 6429, 3239, 1649, 469 ]),

    PCGroup(\[ 10, 2, 2, 2, 2, 2, 2, 2, 2, 2, 2, 7691, 7752, 5962, 333, 2663, 214, 3424, 23045, 1935, 625, 1125, 69446, 1136, 1426, 2836, 1316, 23047, 29457, 2747, 1967, 867 ]),

    PCGroup(\[ 10, 2, 2, 2, 2, 2, 2, 2, 2, 2, 2, 15081, 2571, 29882, 14112, 142, 40003, 16013, 6183, 3153, 3845, 255, 10345, 4115, 295, 2246, 8136, 12626, 5076, 206, 24977, 17947, 8997, 11548, 5798, 1498, 788, 6429, 3239, 859, 469 ]),

    PCGroup(\[ 10, 2, 2, 2, 2, 2, 2, 2, 2, 2, 2, 242, 1942, 163, 1313, 10814, 424, 434, 844, 3845, 3855, 265, 4715, 2085, 535, 2246, 16816, 10946, 176, 2566, 346, 38407, 1297, 8667, 7237, 3247, 237 ]),

    PCGroup(\[ 10, 2, 2, 2, 2, 2, 2, 2, 2, 2, 2, 11592, 982, 9923, 653, 5703, 2913, 1604, 6214, 1224, 3334, 244, 965, 255, 1225, 4115, 175, 20176, 3386, 7316, 206, 5798, 2928, 1498, 3239, 1649, 859 ]),

    PCGroup(\[ 10, 2, 2, 2, 2, 2, 2, 2, 2, 2, 2, 23162, 13392, 4762, 31363, 13133, 6743, 673, 38804, 16214, 8824, 444, 49925, 13455, 5905, 4115, 1125, 295, 56006, 14576, 7026, 2836, 2566, 206 ]),

    PCGroup(\[ 10, 2, 2, 2, 2, 2, 2, 2, 2, 2, 2, 1280, 17961, 3851, 13512, 982, 23363, 3693, 183, 1633, 36004, 2414, 124, 1444, 51845, 21615, 3745, 2195, 2085, 175, 13446, 11216, 3386, 7316, 3686, 206, 5798, 2928, 1498, 3239, 1649, 859 ]),

    PCGroup(\[ 10, 2, 2, 2, 2, 2, 2, 2, 2, 2, 2, 2921, 171, 23162, 9312, 2902, 36803, 14573, 5463, 4833, 25925, 3375, 145, 2195, 175, 40326, 6736, 16826, 5076, 206, 34578, 8678, 2218 ]),

    PCGroup(\[ 10, 2, 2, 2, 2, 2, 2, 2, 2, 2, 2, 20121, 242, 163, 20004, 20414, 424, 234, 3845, 23055, 265, 155, 2246, 4496, 7026, 3536, 2566, 20487, 2577, 16987, 8517, 1657, 11528, 24498, 6868, 3458, 1148 ]),

    PCGroup(\[ 10, 2, 2, 2, 2, 2, 2, 2, 2, 2, 2, 8472, 9283, 14573, 183, 1953, 12004, 1614, 124, 1734, 444, 3845, 7215, 6625, 4115, 295, 2246, 576, 8286, 5076, 206, 7707, 8997, 5798, 2928, 1498, 788, 3239, 1649, 859, 469 ]),

    PCGroup(\[ 10, 2, 2, 2, 2, 2, 2, 2, 2, 2, 2, 15482, 1872, 6682, 643, 18733, 9943, 404, 23614, 11224, 3845, 3855, 2665, 2195, 2085, 2246, 7856, 2966, 5076, 1446, 17927, 1297, 347, 3877, 3247 ]),

    PCGroup(\[ 10, 2, 2, 2, 2, 2, 2, 2, 2, 2, 2, 8971, 11592, 4822, 9923, 653, 6103, 2273, 1604, 6214, 11924, 3334, 244, 965, 255, 14545, 4115, 175, 15696, 10106, 7316, 206, 5798, 2928, 1498, 3239, 1649, 859 ]),

    PCGroup(\[ 10, 2, 2, 2, 2, 2, 2, 2, 2, 2, 2, 17162, 3862, 1603, 18733, 183, 1153, 2404, 23614, 124, 1334, 144, 3385, 67206, 2266, 876, 2986, 626, 20487, 1307, 1637, 3087, 397, 11528, 17308, 3278, 2748, 268 ]),

    PCGroup(\[ 10, 2, 2, 2, 2, 2, 2, 2, 2, 2, 2, 5161, 23162, 1942, 10563, 15533, 5223, 3873, 50404, 15614, 1824, 234, 1244, 3845, 21135, 2425, 155, 1255, 2246, 32496, 12346, 2136, 1446, 1316, 206, 51207, 25617, 8997, 4527, 2297, 557, 2928, 1498, 788, 1649, 859, 469 ]),

    PCGroup(\[ 10, 2, 2, 2, 2, 2, 2, 2, 2, 2, 2, 2411, 3672, 32963, 7213, 183, 3873, 1604, 16014, 124, 2444, 965, 17295, 12385, 1495, 8966, 1136, 7446, 5076, 1316, 346, 5127, 657, 7227, 3247, 237, 34578 ]),

    PCGroup(\[ 10, 2, 2, 2, 2, 2, 2, 2, 2, 2, 2, 8520, 6761, 51, 15002, 28483, 1293, 1703, 3873, 6404, 214, 824, 1734, 2444, 965, 19935, 13465, 2085, 1495, 2246, 5896, 306, 5076, 756, 906, 5127, 28497, 16027, 1967, 867, 557, 46088, 23058, 25609, 12819 ]),

    PCGroup(\[ 10, 2, 2, 2, 2, 2, 2, 2, 2, 2, 2, 80, 11561, 4491, 1322, 252, 3142, 12973, 9063, 28404, 114, 5024, 5734, 144, 21125, 12495, 5075, 175, 31366, 71687, 10257, 17947, 4527, 697, 46088, 5778, 11548, 2928, 418, 25609, 44819, 3229, 849, 2859 ]),

    PCGroup(\[ 10, 2, 2, 2, 2, 2, 2, 2, 2, 2, 2, 80, 12792, 82, 18404, 13214, 1624, 2734, 2444, 59525, 16335, 265, 995, 2085, 535, 2246, 20176, 17106, 8716, 1316, 906, 5127, 25617, 8667, 357, 3247, 867, 237, 69128, 17308 ]),

    PCGroup(\[ 10, 2, 2, 2, 2, 2, 2, 2, 2, 2, 2, 9641, 9931, 11642, 132, 4163, 93, 10023, 20004, 17214, 1634, 3845, 3855, 10825, 2085, 2246, 8976, 12066, 2566, 20487, 1297, 4037, 1657, 867, 11528, 2898, 218, 2218, 1148 ]),

    PCGroup(\[ 10, 2, 2, 2, 2, 2, 2, 2, 2, 2, 2, 18521, 5131, 132, 382, 31043, 93, 5223, 273, 39204, 10814, 3624, 234, 244, 48005, 3855, 4105, 155, 175, 8976, 1297, 8667, 4997, 3247, 1657, 237, 2898 ]),

    PCGroup(\[ 10, 2, 2, 2, 2, 2, 2, 2, 2, 2, 2, 9241, 842, 643, 7213, 7783, 2593, 404, 9214, 9824, 1644, 44165, 1935, 12025, 2435, 2205, 535, 8966, 1136, 14586, 2556, 2426, 346, 5127, 2277, 5007, 1657, 867, 237 ]),

    PCGroup(\[ 10, 2, 2, 2, 2, 2, 2, 2, 2, 2, 2, 8940, 13521, 6731, 62, 2472, 5062, 17283, 18733, 404, 5424, 28805, 8655, 5785, 4835, 525, 535, 2246, 25776, 14586, 4236, 4386, 1316, 906, 5127, 15377, 5787, 5477, 207, 867, 237, 69128 ]),

    PCGroup(\[ 10, 2, 2, 2, 2, 2, 2, 2, 2, 2, 2, 81, 2571, 62, 1942, 1604, 3414, 1624, 965, 1935, 1105, 8966, 1136, 726, 2566, 756, 5127, 977, 347, 1967, 1657 ]),

    PCGroup(\[ 10, 2, 2, 2, 2, 2, 2, 2, 2, 2, 2, 81, 7211, 62, 13392, 5122, 643, 16013, 1623, 3233, 404, 4814, 10424, 2044, 3845, 15615, 9745, 4115, 1125, 1255, 2246, 22976, 9266, 2836, 2566, 766 ]),

    PCGroup(\[ 10, 2, 2, 2, 2, 2, 2, 2, 2, 2, 2, 6602, 1942, 643, 2093, 9943, 404, 2814, 424, 13445, 1935, 265, 4115, 1125, 8966, 1136, 1986, 5076, 1446, 5127, 8977, 17467, 3877, 3247 ]),

    PCGroup(\[ 10, 2, 2, 2, 2, 2, 2, 2, 2, 2, 2, 15401, 1291, 23162, 982, 9923, 11693, 183, 3553, 1604, 18014, 124, 1844, 965, 6735, 3745, 2195, 2085, 175, 40326, 6736, 3386, 7316, 3686, 206, 5798, 2928, 1498, 3239, 1649, 859 ]),

    PCGroup(\[ 10, 2, 2, 2, 2, 2, 2, 2, 2, 2, 2, 242, 132, 622, 163, 93, 743, 113, 4004, 2014, 1424, 985, 515, 586, 316, 10257, 12827, 6437, 397, 5778, 17308, 8678, 268 ]),

    PCGroup(\[ 10, 2, 2, 2, 2, 2, 2, 2, 2, 2, 2, 8971, 30362, 5832, 1462, 30403, 333, 2663, 2913, 1604, 214, 6624, 4934, 1044, 965, 22815, 12025, 2195, 2085, 1615, 40326, 29136, 7316, 3686, 206, 11548, 5798, 2928, 1498, 6429, 3239, 1649, 859 ]),

    PCGroup(\[ 10, 2, 2, 2, 2, 2, 2, 2, 2, 2, 2, 9722, 132, 382, 13123, 93, 423, 113, 1214, 4224, 5305, 2675, 58246, 29136, 7866, 3956, 1166, 71687, 35857, 1307, 677, 2287, 46088, 23058, 2908, 1478, 408, 25609, 12819, 22429, 11239, 5249 ]),

    PCGroup(\[ 10, 2, 2, 2, 2, 2, 2, 2, 2, 2, 2, 681, 1931, 242, 132, 382, 163, 15453, 423, 113, 2404, 1214, 9824, 744, 12025, 6035, 15696, 15706, 7876, 3686, 10257, 1307, 677, 4527, 5778, 10108, 5078, 2928, 44819, 17629, 8839, 1649 ]),

    PCGroup(\[ 10, 2, 2, 2, 2, 2, 2, 2, 2, 2, 2, 23162, 3912, 982, 30403, 333, 4583, 1633, 1604, 214, 9024, 4934, 1844, 965, 22815, 3385, 2195, 2085, 175, 40326, 29136, 3386, 206 ]),

    PCGroup(\[ 10, 2, 2, 2, 2, 2, 2, 2, 2, 2, 2, 9001, 331, 132, 1702, 93, 4903, 1313, 23204, 3214, 3424, 3334, 744, 8966, 16256, 10106, 3676, 2566, 346, 5127, 657, 12827, 3557, 3247, 237, 10098 ]),

    PCGroup(\[ 10, 2, 2, 2, 2, 2, 2, 2, 2, 2, 2, 4521, 5131, 1332, 7453, 7783, 1313, 23204, 1614, 9824, 3334, 144, 7695, 8966, 576, 876, 2566, 346, 5127, 18577, 1637, 3247, 237, 1458 ]),

    PCGroup(\[ 10, 2, 2, 2, 2, 2, 2, 2, 2, 2, 2, 7322, 20163, 333, 743, 2913, 1604, 214, 1024, 1844, 965, 15135, 1465, 4115, 2085, 175, 40326, 3386, 7316, 3686, 206, 11548, 5798, 2928, 1498, 6429, 3239, 1649, 859 ]),

    PCGroup(\[ 10, 2, 2, 2, 2, 2, 2, 2, 2, 2, 2, 8000, 9321, 8011, 24362, 11352, 82, 1603, 813, 193, 3204, 3614, 6024, 3334, 2144, 1126, 34736, 11506, 5076, 2566, 206, 53767, 13467, 8997, 4527, 23058, 11548, 2928, 788, 12819, 6429, 1649, 469 ]),

    PCGroup(\[ 10, 2, 2, 2, 2, 2, 2, 2, 2, 2, 2, 8681, 91, 6672, 3322, 1604, 5414, 12024, 1644, 965, 6975, 985, 1015, 67206, 4496, 586, 2566, 1316, 626, 20487, 2577, 4667, 3247, 1657, 397, 11528, 43218, 4888, 4368, 2218, 268 ]),

    PCGroup(\[ 10, 2, 2, 2, 2, 2, 2, 2, 2, 2, 2, 5120, 15401, 22723, 12013, 183, 2593, 1604, 1614, 124, 1644, 965, 3855, 8545, 4115, 2085, 1015, 8966, 576, 10526, 756, 626, 5127, 1297, 13307, 3877, 1967, 867, 397 ]),

    PCGroup(\[ 10, 2, 2, 2, 2, 2, 2, 2, 2, 2, 2, 5131, 11592, 5443, 333, 343, 673, 7204, 214, 824, 3334, 444, 9605, 1935, 145, 1125, 295, 13446, 1136, 306, 2836, 1316, 206 ]),

    PCGroup(\[ 10, 2, 2, 2, 2, 2, 2, 2, 2, 2, 2, 242, 132, 3862, 163, 93, 2593, 31204, 814, 10224, 834, 1644, 3845, 495, 3865, 5195, 1015, 2246, 21856, 12066, 2276, 626, 10257, 12507, 197, 3247, 1657, 867, 397, 5778, 748, 758, 4368, 2218, 1148, 268 ])
]
