[ PowerStructure(GrpPC) |
    PCGroup(\[ 10, 2, 2, 2, 2, 2, 2, 2, 2, 2, 2, 10921, 8491, 11592, 15213, 
    40804, 8014, 9824, 5434, 2044, 8655, 2195, 24646, 576, 14586, 2696, 2566, 
    1876, 206, 25617, 3877, 4527, 23058, 2928, 788, 12819, 1649, 469 ]),

    PCGroup(\[ 10, 2, 2, 2, 2, 2, 2, 2, 2, 2, 2, 3931, 12072, 82, 12624, 17295, 
    11545, 2085, 1136, 2266, 2566, 10257, 1307, 867, 5778, 12268, 2218 ]),

    PCGroup(\[ 10, 2, 2, 2, 2, 2, 2, 2, 2, 2, 2, 4480, 19241, 2571, 27482, 
    14472, 2542, 20803, 7623, 27204, 814, 824, 844, 965, 495, 9625, 535, 8966, 
    22416, 9266, 5076, 2566, 346, 5127, 23057, 10907, 6437, 1657, 237 ]),

    PCGroup(\[ 10, 2, 2, 2, 2, 2, 2, 2, 2, 2, 2, 1562, 7512, 5302, 813, 9863, 
    193, 6814, 3624, 1734, 265, 11226, 876, 1446, 30727, 35857, 1307, 9157, 
    1017, 867 ]),

    PCGroup(\[ 10, 2, 2, 2, 2, 2, 2, 2, 2, 2, 2, 160, 5481, 4922, 10872, 31043, 
    5613, 6343, 3953, 8824, 33605, 9135, 1945, 2315, 1015, 8966, 22416, 866, 
    1156, 3686, 756, 626, 66567, 23057, 667, 8357, 4527, 1657, 397 ]),

    PCGroup(\[ 10, 2, 2, 2, 2, 2, 2, 2, 2, 2, 2, 160, 361, 20762, 10632, 6622, 
    31043, 493, 1863, 3953, 8824, 2885, 1455, 13465, 6155, 62726, 22416, 14306, 
    1156, 3686, 756, 5127, 23057, 10907, 8357, 4527, 1657 ]),

    PCGroup(\[ 10, 2, 2, 2, 2, 2, 2, 2, 2, 2, 2, 14042, 7032, 7342, 6823, 113, 
    5624, 13465, 2315, 535, 58246, 29136, 866, 7876, 3686, 756, 346, 71687, 
    35857, 667, 677, 4527, 1657, 237 ]),

    PCGroup(\[ 10, 2, 2, 2, 2, 2, 2, 2, 2, 2, 2, 20803, 4973, 1604, 13214, 834, 
    844, 965, 16335, 515, 535, 8966, 316, 2566, 346, 5127, 197, 1657, 237 ]),

    PCGroup(\[ 10, 2, 2, 2, 2, 2, 2, 2, 2, 2, 2, 361, 171, 23162, 5352, 5422, 
    963, 15533, 1063, 3953, 12024, 2885, 1455, 12505, 6155, 62726, 13456, 586, 
    5636, 3686, 756, 66567, 23057, 16347, 3237, 4527, 1657 ]),

    PCGroup(\[ 10, 2, 2, 2, 2, 2, 2, 2, 2, 2, 2, 9280, 2601, 5451, 21722, 11352,
    5782, 36163, 11053, 2503, 193, 26404, 16414, 4024, 2534, 1344, 58246, 25776,
    13746, 4236, 1446, 206, 51207, 18587, 6437, 3247, 69128, 34578, 8678, 4368, 
    1148 ]),

    PCGroup(\[ 10, 2, 2, 2, 2, 2, 2, 2, 2, 2, 2, 521, 333, 214, 3845, 3855, 515,
    285, 2246, 8976, 316, 186, 20487, 1297, 2597, 1327, 867, 11528, 2898, 1478, 
    768, 2218 ]),

    PCGroup(\[ 10, 2, 2, 2, 2, 2, 2, 2, 2, 2, 2, 1280, 4521, 971, 5402, 5112, 
    4653, 1863, 673, 26404, 18814, 424, 3334, 2044, 17285, 9615, 265, 2195, 
    3045, 775, 58246, 28016, 13186, 7316, 1446, 486, 17947, 1657, 867, 69128, 
    34578, 8678, 4368, 2218, 1148 ]),

    PCGroup(\[ 10, 2, 2, 2, 2, 2, 2, 2, 2, 2, 2, 14042, 13032, 5782, 31043, 
    19373, 6183, 113, 19614, 5624, 48005, 8655, 12505, 395, 14026, 7876, 3686, 
    756, 11227, 677, 4527, 1657 ]),

    PCGroup(\[ 10, 2, 2, 2, 2, 2, 2, 2, 2, 2, 2, 320, 18601, 6411, 26522, 1272, 
    3862, 20803, 8493, 8583, 2753, 45604, 6814, 6024, 2534, 2944, 69446, 20176, 
    2546, 4236, 1446, 206, 51207, 8347, 6437, 3247, 69128, 34578, 8678, 4368, 
    1148 ]),

    PCGroup(\[ 10, 2, 2, 2, 2, 2, 2, 2, 2, 2, 2, 4115, 2266, 5076, 1876, 906, 
    1307, 6437, 1017, 867, 237, 17308 ]),

    PCGroup(\[ 10, 2, 2, 2, 2, 2, 2, 2, 2, 2, 2, 424, 5834, 1044, 265, 6875, 
    3525, 415, 8436, 3406, 1456, 626, 5147, 4847, 217, 867, 397, 2908, 408, 
    2758, 1148, 268 ]),

    PCGroup(\[ 10, 2, 2, 2, 2, 2, 2, 2, 2, 2, 2, 331, 11592, 12333, 353, 4224, 
    3934, 344, 9145, 755, 175, 16657, 17947, 7397, 4687, 1657, 237, 37458, 9398,
    4728 ]),

    PCGroup(\[ 10, 2, 2, 2, 2, 2, 2, 2, 2, 2, 2, 333, 183, 1313, 214, 124, 844, 
    24015, 11065, 6275, 525, 535, 4496, 14586, 7036, 3266, 1316, 346, 2577, 
    17947, 4837, 207, 1657, 237 ]),

    PCGroup(\[ 10, 2, 2, 2, 2, 2, 2, 2, 2, 2, 2, 1931, 842, 10632, 643, 404, 
    55685, 22095, 11065, 525, 1015, 67206, 4496, 2266, 3266, 626, 20487, 2577, 
    1307, 207, 397, 11528, 43218, 19468, 10478, 268 ])
]
