[ PowerStructure(GrpPC) |
    PCGroup(\[ 10, 2, 2, 2, 2, 2, 2, 2, 2, 2, 2, 25925, 7455, 5425, 1365, 58246, 4496, 7866, 2276, 71687, 2577, 5147, 4517, 1177, 46088, 20178, 2908, 758, 25609, 35219, 22429, 10439 ]),

    PCGroup(\[ 10, 2, 2, 2, 2, 2, 2, 2, 2, 2, 2, 963, 20173, 343, 2885, 29535, 145, 58246, 2266, 4516, 2006, 2016, 71687, 1307, 8357, 1327, 1817, 46088, 10108, 7958, 768, 2398, 25609, 17629, 839, 5649, 1459 ]),

    PCGroup(\[ 10, 2, 2, 2, 2, 2, 2, 2, 2, 2, 2, 963, 12493, 343, 2885, 18015, 145, 31366, 2266, 7316, 3686, 20487, 1307, 4527, 2297, 11528, 10108, 5798, 2928, 89609, 17629, 3239, 1649 ]),

    PCGroup(\[ 10, 2, 2, 2, 2, 2, 2, 2, 2, 2, 2, 8414, 11924, 30725, 6735, 985, 3155, 42566, 4496, 586, 3956, 2006, 53767, 2577, 4507, 2597, 1327, 72008, 20178, 7948, 1478, 768, 3209, 35219, 15229, 11239 ]),

    PCGroup(\[ 10, 2, 2, 2, 2, 2, 2, 2, 2, 2, 2, 20163, 10413, 1223, 5073, 3334, 49925, 1935, 4345, 7355, 2085, 295, 56006, 1136, 5626, 8296, 2566, 206, 6437, 8678 ]),

    PCGroup(\[ 10, 2, 2, 2, 2, 2, 2, 2, 2, 2, 2, 643, 183, 404, 124, 4835, 2445, 31366, 4496, 8986, 3266, 20487, 2577, 14107, 2767, 11528, 20178, 18748, 10478, 89609, 35219, 1629, 2039 ]),

    PCGroup(\[ 10, 2, 2, 2, 2, 2, 2, 2, 2, 2, 2, 42804, 10014, 724, 5734, 744, 3525, 67206, 2266, 2846, 2156, 626, 20487, 1307, 2287, 697, 397, 11528, 21628, 3288, 418, 268 ]),

    PCGroup(\[ 10, 2, 2, 2, 2, 2, 2, 2, 2, 2, 2, 35203, 333, 43604, 214, 28805, 22095, 13945, 285, 26886, 22416, 16826, 186, 17288, 43218, 14428, 3998, 96009, 9619, 9629, 7639 ]),

    PCGroup(\[ 10, 2, 2, 2, 2, 2, 2, 2, 2, 2, 2, 17283, 333, 21204, 214, 53766, 4496, 10106, 8436, 2146, 626, 35847, 2577, 12827, 8037, 1327, 397, 51848, 43218, 17308, 7598, 768, 268 ]),

    PCGroup(\[ 10, 2, 2, 2, 2, 2, 2, 2, 2, 2, 2, 38004, 15014, 11924, 2134, 48005, 6735, 985, 2675, 58246, 4496, 586, 2276, 1166, 71687, 2577, 4507, 4517, 46088, 20178, 7948, 758, 408, 25609, 35219, 15229, 10439 ]),

    PCGroup(\[ 10, 2, 2, 2, 2, 2, 2, 2, 2, 2, 2, 38004, 15014, 11924, 2134, 3044, 48005, 6735, 985, 2675, 3765, 58246, 4496, 586, 2276, 3126, 71687, 2577, 4507, 4517, 4207, 46088, 20178, 7948, 758, 5088, 25609, 35219, 15229, 10439, 2849 ]),

    PCGroup(\[ 10, 2, 2, 2, 2, 2, 2, 2, 2, 2, 2, 643, 5453, 1703, 404, 6614, 2224, 40325, 27855, 1465, 525, 40967, 30737, 3867, 207, 12809, 19219, 14429, 8439 ]),

    PCGroup(\[ 10, 2, 2, 2, 2, 2, 2, 2, 2, 2, 2, 2885, 1935, 745, 395, 5606, 1136, 1426, 736, 35857, 5157, 1337, 23058, 10118, 1328, 12819, 1639, 459 ]),

    PCGroup(\[ 10, 2, 2, 2, 2, 2, 2, 2, 2, 2, 2, 13443, 11773, 10023, 16404, 14914, 12624, 4835, 2445, 35846, 4496, 4506, 4106, 56327, 2577, 8987, 4517, 2767, 74888, 20178, 1468, 4188, 6409, 35219, 20829, 6039 ]),

    PCGroup(\[ 10, 2, 2, 2, 2, 2, 2, 2, 2, 2, 2, 3204, 20614, 6024, 2534, 1126, 30536, 7586, 3956, 20497, 10267, 1327, 697, 387, 40338, 20188, 768, 418, 248, 6419, 3229, 2859 ]),

    PCGroup(\[ 10, 2, 2, 2, 2, 2, 2, 2, 2, 2, 2, 18735, 31366, 4496, 8986, 3966, 20487, 2577, 14107, 4207, 2137, 11528, 20178, 18748, 4008, 2038, 89609, 35219, 1629, 2849 ]),

    PCGroup(\[ 10, 2, 2, 2, 2, 2, 2, 2, 2, 2, 2, 362, 252, 1204, 114, 985, 285, 586, 186, 16667, 4207, 46088, 28818, 15868, 7598, 3828, 25609, 19219, 15229, 5239 ]),

    PCGroup(\[ 10, 2, 2, 2, 2, 2, 2, 2, 2, 2, 2, 1204, 14014, 7024, 13445, 12495, 985, 3875, 8966, 15696, 586, 5356, 5127, 10257, 4507, 6757, 3407, 40328, 5778, 7948, 9038, 4548, 70409, 44819, 15229, 439 ]),

    PCGroup(\[ 10, 2, 2, 2, 2, 2, 2, 2, 2, 2, 2, 42245, 25215, 10825, 5075, 47046, 28296, 12066, 6196, 17947, 2607, 11548, 5088, 2578, 1328, 6429, 849 ]),

    PCGroup(\[ 10, 2, 2, 2, 2, 2, 2, 2, 2, 2, 2, 1204, 13614, 6124, 2405, 15855, 7105, 1726, 896, 56327, 14107, 8357, 1647, 857, 397, 74888, 18748, 7958, 4368, 2218, 268 ]),

    PCGroup(\[ 10, 2, 2, 2, 2, 2, 2, 2, 2, 2, 2, 10604, 15114, 4734, 24965, 18255, 3385, 3875, 31366, 17936, 2266, 5356, 2986, 20487, 28177, 1307, 6757, 3087, 11528, 37458, 10108, 9038, 4548, 89609, 3219, 17629, 439 ]),

    PCGroup(\[ 10, 2, 2, 2, 2, 2, 2, 2, 2, 2, 2, 9283, 9133, 183, 12004, 11614, 124, 4115, 2085, 22406, 4496, 14586, 3676, 4106, 1316, 346, 30727, 2577, 17947, 3557, 4367, 1657, 237, 8678, 4368 ]),

    PCGroup(\[ 10, 2, 2, 2, 2, 2, 2, 2, 2, 2, 2, 2243, 4973, 7303, 113, 67206, 28016, 4506, 3956, 606, 626, 20487, 19217, 19227, 7717, 367, 397, 11528, 27378, 1468, 6518, 5448, 268 ]),

    PCGroup(\[ 10, 2, 2, 2, 2, 2, 2, 2, 2, 2, 2, 47204, 18214, 12224, 3334, 48005, 24015, 7225, 4115, 285, 1495, 58246, 29136, 2266, 5076, 186, 1316, 346, 71687, 35857, 1307, 6437, 2447, 1657, 237, 4368 ]),

    PCGroup(\[ 10, 2, 2, 2, 2, 2, 2, 2, 2, 2, 2, 40643, 6253, 2353, 3334, 8966, 22416, 1706, 3536, 2566, 346, 5127, 23057, 3227, 8517, 3247, 237, 8678 ]),

    PCGroup(\[ 10, 2, 2, 2, 2, 2, 2, 2, 2, 2, 2, 21604, 11814, 9924, 4534, 9605, 10575, 985, 5555, 2805, 13446, 8976, 586, 5636, 34568, 2898, 7948, 10838, 5448, 64009, 41619, 15229, 2439 ]),

    PCGroup(\[ 10, 2, 2, 2, 2, 2, 2, 2, 2, 2, 2, 242, 2232, 163, 3053, 6624, 3334, 3865, 1955, 22406, 24656, 17666, 6336, 2566, 206, 12827, 6437, 748, 398 ]),

    PCGroup(\[ 10, 2, 2, 2, 2, 2, 2, 2, 2, 2, 2, 60486, 24656, 3826, 1596, 71687, 5157, 1327, 1337, 46088, 10118, 768, 2578, 1328, 25609, 1639, 5649, 459 ]),

    PCGroup(\[ 10, 2, 2, 2, 2, 2, 2, 2, 2, 2, 2, 50804, 12724, 3334, 44806, 2266, 466, 1316, 346, 46087, 1307, 3407, 1657, 237, 4368 ]),

    PCGroup(\[ 10, 2, 2, 2, 2, 2, 2, 2, 2, 2, 2, 55685, 27855, 6635, 3525, 33616, 1156, 4246, 1036, 626, 10257, 677, 1327, 1657, 397, 5778, 10838, 768, 2218, 268 ]),

    PCGroup(\[ 10, 2, 2, 2, 2, 2, 2, 2, 2, 2, 2, 41204, 10324, 944, 2085, 22406, 14586, 5076, 2846, 906, 30727, 17947, 6437, 2927, 867, 237, 4368 ]),

    PCGroup(\[ 10, 2, 2, 2, 2, 2, 2, 2, 2, 2, 2, 6725, 2665, 1355, 885, 336, 217, 80648, 20188, 9398, 2568, 268 ]),

    PCGroup(\[ 10, 2, 2, 2, 2, 2, 2, 2, 2, 2, 2, 10093, 5063, 4913, 3334, 22416, 2266, 5356, 1316, 346, 23057, 1307, 1637, 1657, 237, 8678 ]),

    PCGroup(\[ 10, 2, 2, 2, 2, 2, 2, 2, 2, 2, 2, 32645, 9135, 2315, 2085, 895, 11216, 7316, 2566, 896, 906, 15377, 8997, 3247, 857, 867, 237, 2218 ]),

    PCGroup(\[ 10, 2, 2, 2, 2, 2, 2, 2, 2, 2, 2, 20013, 10023, 1393, 3334, 4115, 22416, 2266, 7596, 1316, 346, 23057, 1307, 4197, 1657, 237, 8678 ]),

    PCGroup(\[ 10, 2, 2, 2, 2, 2, 2, 2, 2, 2, 2, 44004, 22014, 6624, 5534, 2085, 35847, 17937, 12827, 9637, 2447, 1657, 237, 4368 ]),

    PCGroup(\[ 10, 2, 2, 2, 2, 2, 2, 2, 2, 2, 2, 38004, 19014, 9524, 144, 606, 367, 80648, 40338, 18748, 5088, 1318, 268 ]),

    PCGroup(\[ 10, 2, 2, 2, 2, 2, 2, 2, 2, 2, 2, 51845, 22575, 7115, 3285, 1015, 33616, 1156, 1166, 1316, 626, 10257, 677, 4847, 1177, 397, 5778, 10838, 408, 2218, 268 ]),

    PCGroup(\[ 10, 2, 2, 2, 2, 2, 2, 2, 2, 2, 2, 234, 155, 3126, 1596, 35857, 5147, 3237, 2607, 23058, 2908, 2198, 5088, 12819, 22429, 12039, 849 ]),

    PCGroup(\[ 10, 2, 2, 2, 2, 2, 2, 2, 2, 2, 2, 2634, 2244, 3035, 1375, 26896, 7866, 7876, 2846, 1736, 1327, 697, 768, 418, 16019, 22429, 5639, 2049, 659 ]),

    PCGroup(\[ 10, 2, 2, 2, 2, 2, 2, 2, 2, 2, 2, 39204, 19614, 234, 48005, 24015, 155, 2846, 1456, 71687, 35857, 11547, 9637, 1497, 46088, 23058, 21628, 6518, 5448, 25609, 12819, 4829, 4039, 1249 ]),

    PCGroup(\[ 10, 2, 2, 2, 2, 2, 2, 2, 2, 2, 2, 39204, 19614, 234, 48005, 24015, 155, 2846, 1456, 71687, 35857, 11547, 9637, 4527, 857, 46088, 23058, 21628, 6518, 1128, 1498, 25609, 12819, 4829, 4039, 6049, 859 ]),

    PCGroup(\[ 10, 2, 2, 2, 2, 2, 2, 2, 2, 2, 2, 44404, 9524, 48005, 6735, 985, 3155, 58246, 4496, 586, 3956, 2006, 71687, 2577, 4507, 2597, 1327, 46088, 20178, 7948, 1478, 768, 25609, 35219, 15229, 11239 ]),

    PCGroup(\[ 10, 2, 2, 2, 2, 2, 2, 2, 2, 2, 2, 44404, 9524, 1044, 48005, 6735, 985, 3155, 1365, 58246, 4496, 586, 3956, 606, 71687, 2577, 4507, 2597, 367, 46088, 20178, 7948, 1478, 2568, 25609, 35219, 15229, 11239, 5249 ]),

    PCGroup(\[ 10, 2, 2, 2, 2, 2, 2, 2, 2, 2, 2, 17414, 9124, 285, 186, 71687, 10257, 18587, 2277, 1167, 46088, 5778, 12268, 3998, 25609, 44819, 7229, 7639 ]),

    PCGroup(\[ 10, 2, 2, 2, 2, 2, 2, 2, 2, 2, 2, 8583, 4673, 7685, 25935, 4345, 1115, 2085, 535, 5076, 2567, 38417, 7707, 517, 3247, 237, 8678 ]),

    PCGroup(\[ 10, 2, 2, 2, 2, 2, 2, 2, 2, 2, 2, 1603, 20013, 8263, 3633, 3334, 44806, 21296, 15146, 1296, 2566, 346, 46087, 26897, 18587, 837, 3247, 237, 8678 ]),

    PCGroup(\[ 10, 2, 2, 2, 2, 2, 2, 2, 2, 2, 2, 12404, 23814, 9524, 3534, 1744, 67206, 4496, 2826, 5356, 466, 626, 20487, 2577, 1947, 6757, 3247, 397, 11528, 43218, 22348, 9038, 1668, 268 ]),

    PCGroup(\[ 10, 2, 2, 2, 2, 2, 2, 2, 2, 2, 2, 5604, 19614, 4324, 734, 48005, 12495, 1945, 515, 285, 58246, 15696, 3946, 316, 186, 71687, 10257, 667, 2277, 46088, 5778, 9388, 3998, 25609, 44819, 16829, 7639 ]),

    PCGroup(\[ 10, 2, 2, 2, 2, 2, 2, 2, 2, 2, 2, 15604, 23614, 4324, 734, 1744, 48005, 12495, 3385, 515, 1965, 58246, 15696, 2266, 316, 2706, 71687, 10257, 1307, 2277, 3567, 46088, 5778, 10108, 3998, 4728, 25609, 44819, 17629, 7639, 249 ]),

    PCGroup(\[ 10, 2, 2, 2, 2, 2, 2, 2, 2, 2, 2, 38083, 4013, 1223, 3334, 7685, 1935, 4345, 2315, 2085, 535, 33606, 1136, 5626, 2976, 2566, 346, 2567, 19217, 7707, 9157, 3247, 237, 8678 ]),

    PCGroup(\[ 10, 2, 2, 2, 2, 2, 2, 2, 2, 2, 2, 33603, 9143, 42404, 11324, 6995, 3525, 67206, 4496, 2826, 3956, 2566, 626, 20487, 2577, 1947, 7717, 3247, 397, 11528, 43218, 22348, 7238, 4368, 268 ]),

    PCGroup(\[ 10, 2, 2, 2, 2, 2, 2, 2, 2, 2, 2, 25923, 7863, 833, 32804, 9724, 544, 48005, 12495, 7225, 6755, 525, 7316, 3686, 71687, 10257, 6427, 8037, 207, 46088, 5778, 4348, 7598, 2388, 25609, 44819, 24029, 5239, 4249 ]),

    PCGroup(\[ 10, 2, 2, 2, 2, 2, 2, 2, 2, 2, 2, 18243, 1863, 1473, 26404, 24414, 12624, 434, 2444, 4115, 40326, 22416, 11786, 176, 2566, 346, 51207, 23057, 12187, 4677, 3247, 237, 8678 ]),

    PCGroup(\[ 10, 2, 2, 2, 2, 2, 2, 2, 2, 2, 2, 15604, 5514, 7824, 55685, 22095, 515, 2085, 1015, 67206, 4496, 316, 2566, 626, 20487, 2577, 7397, 1167, 397, 11528, 43218, 9758, 4368, 268 ]),

    PCGroup(\[ 10, 2, 2, 2, 2, 2, 2, 2, 2, 2, 2, 4922, 7812, 6723, 10333, 51845, 3855, 13705, 3035, 2085, 535, 10106, 5076, 76807, 1297, 6107, 8197, 3247, 237, 17308, 8678 ]),

    PCGroup(\[ 10, 2, 2, 2, 2, 2, 2, 2, 2, 2, 2, 6122, 5232, 6922, 9024, 55685, 1935, 11785, 5555, 1015, 67206, 1136, 7586, 1156, 626, 20487, 29457, 7387, 677, 397, 11528, 38898, 12628, 10838, 268 ]),

    PCGroup(\[ 10, 2, 2, 2, 2, 2, 2, 2, 2, 2, 2, 3002, 132, 862, 4163, 93, 593, 7685, 29775, 8905, 635, 2085, 1495, 69446, 4496, 866, 4936, 2566, 906, 2567, 2577, 9947, 10117, 3247, 557, 17308, 8678 ]),

    PCGroup(\[ 10, 2, 2, 2, 2, 2, 2, 2, 2, 2, 2, 35043, 4413, 5223, 513, 28805, 19215, 7595, 2085, 535, 8966, 34736, 1296, 2566, 346, 5127, 21777, 837, 3247, 237, 8678 ]),

    PCGroup(\[ 10, 2, 2, 2, 2, 2, 2, 2, 2, 2, 2, 17402, 6912, 4402, 48804, 17214, 11624, 5734, 1644, 59525, 3855, 265, 6995, 1015, 25607, 1297, 16347, 2597, 397, 17288, 41778, 15508, 1478, 268 ]),

    PCGroup(\[ 10, 2, 2, 2, 2, 2, 2, 2, 2, 2, 2, 15482, 10512, 6202, 45604, 9214, 1624, 4534, 1644, 11065, 67206, 28016, 306, 1156, 626, 20487, 19217, 14427, 677, 397, 11528, 27378, 19108, 10838, 268 ]),

    PCGroup(\[ 10, 2, 2, 2, 2, 2, 2, 2, 2, 2, 2, 21482, 252, 5542, 5223, 10804, 114, 3334, 2344, 8185, 2085, 44806, 29136, 2826, 2986, 1316, 346, 46087, 35857, 1947, 3087, 1657, 237, 17308, 4368 ]),

    PCGroup(\[ 10, 2, 2, 2, 2, 2, 2, 2, 2, 2, 2, 32483, 333, 1793, 41004, 214, 1144, 59525, 3855, 3865, 5795, 2085, 1015, 25607, 1297, 18587, 6437, 2127, 397, 17288, 41778, 748, 6158, 4368, 268 ]),

    PCGroup(\[ 10, 2, 2, 2, 2, 2, 2, 2, 2, 2, 2, 21242, 7812, 5422, 28483, 10333, 3633, 7685, 17295, 8905, 635, 2085, 1495, 69446, 19056, 866, 4936, 2566, 906, 2567, 19217, 9947, 10117, 3247, 557, 17308, 8678 ]),

    PCGroup(\[ 10, 2, 2, 2, 2, 2, 2, 2, 2, 2, 2, 40004, 19614, 12324, 47045, 24015, 15025, 29136, 8986, 1156, 606, 336, 35857, 14107, 677, 367, 217, 23058, 18748, 5078, 12819, 1629, 8839 ]),

    PCGroup(\[ 10, 2, 2, 2, 2, 2, 2, 2, 2, 2, 2, 6723, 10733, 9863, 3855, 985, 4235, 2085, 535, 16816, 586, 736, 2566, 346, 1297, 9627, 1477, 3247, 237, 8678 ]),

    PCGroup(\[ 10, 2, 2, 2, 2, 2, 2, 2, 2, 2, 2, 32323, 2413, 8103, 3713, 23204, 5214, 10224, 5434, 2444, 4115, 8966, 13456, 15146, 7176, 2566, 346, 5127, 12817, 18587, 7557, 3247, 237, 8678 ]),

    PCGroup(\[ 10, 2, 2, 2, 2, 2, 2, 2, 2, 2, 2, 20004, 10214, 11524, 405, 20487, 11537, 17307, 1957, 3247, 397, 11528, 7218, 16588, 3638, 4368, 268 ]),

    PCGroup(\[ 10, 2, 2, 2, 2, 2, 2, 2, 2, 2, 2, 44404, 9414, 5424, 9605, 13455, 13465, 1715, 3165, 1015, 606, 367, 34568, 10098, 15148, 5078, 3828, 268 ]),

    PCGroup(\[ 10, 2, 2, 2, 2, 2, 2, 2, 2, 2, 2, 36163, 12653, 3623, 3313, 3334, 3845, 24975, 6745, 395, 2085, 295, 2246, 28016, 7306, 736, 2566, 206, 6437, 8678 ]),

    PCGroup(\[ 10, 2, 2, 2, 2, 2, 2, 2, 2, 2, 2, 14642, 7452, 19363, 10173, 25404, 12114, 7306, 3676, 1866, 20487, 20497, 3557, 847, 11528, 40338, 5068, 1128, 89609, 6419, 13629, 12039 ]),

    PCGroup(\[ 10, 2, 2, 2, 2, 2, 2, 2, 2, 2, 2, 44004, 24614, 1424, 3845, 10575, 12025, 7475, 3765, 2246, 8976, 14586, 7876, 3966, 17927, 17937, 17947, 8357, 4207, 31688, 2898, 11548, 7958, 60809, 41619, 6429, 5639 ]),

    PCGroup(\[ 10, 2, 2, 2, 2, 2, 2, 2, 2, 2, 2, 43205, 24495, 1105, 1605, 48166, 29696, 726, 2006, 40967, 10257, 17947, 387, 80648, 5778, 11548, 248, 12809, 44819, 6429, 2859 ]),

    PCGroup(\[ 10, 2, 2, 2, 2, 2, 2, 2, 2, 2, 2, 16003, 13853, 3943, 19604, 17114, 5024, 46085, 25935, 7705, 3155, 60486, 26896, 10666, 8716, 2706, 2597, 1327, 1478, 768, 28809, 16019, 829, 11239 ]),

    PCGroup(\[ 10, 2, 2, 2, 2, 2, 2, 2, 2, 2, 2, 3845, 20175, 10585, 5075, 2565, 2246, 24656, 11786, 6196, 3126, 71687, 5147, 5157, 1337, 46088, 2908, 10118, 1328, 25609, 22429, 1639, 459 ]),

    PCGroup(\[ 10, 2, 2, 2, 2, 2, 2, 2, 2, 2, 2, 2404, 7024, 3334, 244, 35847, 19227, 6437, 3727, 1657, 237, 4368 ]),

    PCGroup(\[ 10, 2, 2, 2, 2, 2, 2, 2, 2, 2, 2, 13123, 10413, 113, 51845, 10575, 3395, 1365, 1495, 5076, 76807, 17937, 357, 2287, 1657, 237, 8678 ]),

    PCGroup(\[ 10, 2, 2, 2, 2, 2, 2, 2, 2, 2, 2, 19373, 9703, 3953, 3334, 8185, 995, 3765, 1495, 10106, 4796, 2846, 1316, 346, 12827, 9957, 2927, 1657, 237, 8678 ]),

    PCGroup(\[ 10, 2, 2, 2, 2, 2, 2, 2, 2, 2, 2, 39604, 24714, 1334, 2325, 58246, 32496, 8986, 1156, 71687, 34577, 14107, 677, 46088, 33138, 18748, 5078, 2568, 25609, 24019, 1629, 8839 ]),

    PCGroup(\[ 10, 2, 2, 2, 2, 2, 2, 2, 2, 2, 2, 16003, 253, 19604, 514, 3155, 1605, 58246, 4496, 7866, 3956, 746, 71687, 2577, 5147, 2447, 46088, 20178, 2908, 588, 25609, 35219, 22429, 10839 ]),

    PCGroup(\[ 10, 2, 2, 2, 2, 2, 2, 2, 2, 2, 2, 22004, 23014, 1824, 934, 48005, 10575, 985, 1235, 58246, 8976, 586, 1716, 46088, 2898, 7948, 4358, 2208, 25609, 41619, 15229, 8039 ]),

    PCGroup(\[ 10, 2, 2, 2, 2, 2, 2, 2, 2, 2, 2, 17603, 18413, 1383, 3953, 934, 48005, 10575, 985, 6995, 645, 58246, 8976, 586, 8436, 886, 46088, 2898, 7948, 5798, 2208, 25609, 41619, 15229, 4839, 4049 ]),

    PCGroup(\[ 10, 2, 2, 2, 2, 2, 2, 2, 2, 2, 2, 35204, 19814, 9424, 4134, 45125, 24255, 10585, 5075, 45926, 29416, 11786, 6196, 40967, 20497, 17947, 1337, 80648, 40338, 11548, 5088, 1328, 12809, 6419, 6429, 459 ]),

    PCGroup(\[ 10, 2, 2, 2, 2, 2, 2, 2, 2, 2, 2, 27523, 333, 183, 34004, 214, 124, 24965, 27855, 14905, 4115, 2445, 1015, 61447, 10257, 6427, 6437, 2767, 397, 57608, 5778, 4348, 4718, 4368, 268 ]),

    PCGroup(\[ 10, 2, 2, 2, 2, 2, 2, 2, 2, 2, 2, 20404, 1214, 2724, 2134, 144, 31366, 4496, 11226, 6756, 4246, 1736, 626, 61447, 2577, 11547, 4517, 2927, 1177, 397, 57608, 43218, 10108, 6518, 768, 1678, 268 ]),

    PCGroup(\[ 10, 2, 2, 2, 2, 2, 2, 2, 2, 2, 2, 40804, 8614, 4724, 4134, 144, 35846, 15696, 2266, 606, 1596, 56327, 10257, 1307, 3567, 1337, 74888, 5778, 10108, 4728, 2578, 6409, 44819, 17629, 449, 459 ]),

    PCGroup(\[ 10, 2, 2, 2, 2, 2, 2, 2, 2, 2, 2, 4163, 16973, 343, 3845, 26655, 145, 2246, 27736, 1846, 5147, 4527, 2297, 1187, 2908, 5798, 2928, 22429, 3239, 1649 ]),

    PCGroup(\[ 10, 2, 2, 2, 2, 2, 2, 2, 2, 2, 2, 39604, 19814, 5124, 1334, 24965, 1935, 7705, 1715, 885, 31366, 1136, 10666, 1156, 20487, 8977, 13467, 677, 11528, 15858, 18028, 5078, 2568, 89609, 30419, 829, 8839 ]),

    PCGroup(\[ 10, 2, 2, 2, 2, 2, 2, 2, 2, 2, 2, 44404, 8414, 11124, 1934, 2044, 48005, 1935, 6745, 1955, 3405, 58246, 1136, 7306, 3116, 4386, 71687, 8977, 7067, 4197, 2607, 46088, 15858, 5068, 398, 3828, 25609, 30419, 24829, 10039, 849 ]),

    PCGroup(\[ 10, 2, 2, 2, 2, 2, 2, 2, 2, 2, 2, 47204, 13214, 6624, 5934, 28805, 6735, 8185, 7475, 525, 1495, 8966, 13456, 10106, 5636, 4386, 1316, 346, 5127, 12817, 12827, 5797, 207, 1657, 237, 4368 ]),

    PCGroup(\[ 10, 2, 2, 2, 2, 2, 2, 2, 2, 2, 2, 45604, 22814, 11424, 2734, 144, 4246, 20487, 25617, 5147, 8357, 1647, 697, 397, 11528, 34578, 2908, 7958, 1128, 418, 268 ]),

    PCGroup(\[ 10, 2, 2, 2, 2, 2, 2, 2, 2, 2, 2, 3204, 3014, 1424, 6725, 2175, 985, 1126, 1416, 586, 17947, 2597, 1327, 387, 11548, 1478, 768, 248, 6429, 11239, 2859 ]),

    PCGroup(\[ 10, 2, 2, 2, 2, 2, 2, 2, 2, 2, 2, 10404, 5814, 2824, 13445, 6495, 3145, 4506, 1156, 2566, 1456, 626, 19227, 677, 3247, 1497, 397, 1468, 10838, 2568, 2218, 268 ]),

    PCGroup(\[ 10, 2, 2, 2, 2, 2, 2, 2, 2, 2, 2, 17283, 7853, 4183, 24485, 12495, 5905, 17936, 12346, 3956, 2006, 28177, 10267, 1327, 697, 37458, 20188, 768, 418, 3219, 3229, 11239, 5649 ]),

    PCGroup(\[ 10, 2, 2, 2, 2, 2, 2, 2, 2, 2, 2, 1604, 2814, 8424, 234, 965, 1935, 9865, 155, 7846, 1136, 13186, 1016, 20487, 35857, 17947, 8997, 1337, 11528, 23058, 11548, 5798, 5088, 1328, 89609, 12819, 6429, 3239, 459 ]),

    PCGroup(\[ 10, 2, 2, 2, 2, 2, 2, 2, 2, 2, 2, 4163, 16973, 343, 3845, 26655, 145, 2246, 27736, 1846, 5147, 4527, 2297, 1187, 2908, 5798, 2928, 22429, 3239, 1649 ]),

    PCGroup(\[ 10, 2, 2, 2, 2, 2, 2, 2, 2, 2, 2, 482, 5952, 7783, 204, 16614, 4934, 985, 285, 586, 186, 25607, 10257, 4507, 8997, 4527, 17288, 5778, 13708, 5798, 96009, 44819, 8829, 3239 ]),

    PCGroup(\[ 10, 2, 2, 2, 2, 2, 2, 2, 2, 2, 2, 46004, 23014, 6624, 4534, 2805, 67206, 21296, 11226, 1156, 2846, 626, 20487, 26897, 11547, 677, 2927, 397, 11528, 36018, 10108, 10838, 4368, 268 ]),

    PCGroup(\[ 10, 2, 2, 2, 2, 2, 2, 2, 2, 2, 2, 18243, 6253, 3334, 44806, 32496, 11786, 7456, 2566, 346, 46087, 34577, 12187, 9157, 3247, 237, 8678 ]),

    PCGroup(\[ 10, 2, 2, 2, 2, 2, 2, 2, 2, 2, 2, 3843, 1613, 183, 6004, 1814, 124, 4325, 3615, 865, 15367, 38417, 5147, 1007, 28808, 25938, 2908, 3638, 958, 57609, 16019, 22429, 3649 ]),

    PCGroup(\[ 10, 2, 2, 2, 2, 2, 2, 2, 2, 2, 2, 1604, 20014, 5034, 965, 23535, 5915, 31366, 17936, 6196, 336, 20487, 28177, 5157, 217, 11528, 37458, 10118, 2568, 89609, 3219, 1639, 4449 ]),

    PCGroup(\[ 10, 2, 2, 2, 2, 2, 2, 2, 2, 2, 2, 25283, 5373, 5223, 2734, 48005, 1935, 9625, 6395, 2085, 535, 58246, 1136, 17386, 3536, 2566, 346, 71687, 19217, 10907, 7557, 3247, 237, 8678 ]),

    PCGroup(\[ 10, 2, 2, 2, 2, 2, 2, 2, 2, 2, 2, 36323, 333, 10023, 45804, 214, 12624, 21125, 24015, 2425, 6275, 645, 17926, 29136, 3386, 1716, 3546, 5768, 23058, 8668, 4188, 83209, 12819, 16029, 6039 ]),

    PCGroup(\[ 10, 2, 2, 2, 2, 2, 2, 2, 2, 2, 2, 4813, 2343, 5814, 3024, 9605, 24975, 985, 3875, 13446, 28016, 586, 5356, 34568, 27378, 7948, 4548, 64009, 17619, 15229, 439 ]),

    PCGroup(\[ 10, 2, 2, 2, 2, 2, 2, 2, 2, 2, 2, 5604, 10414, 6324, 3845, 12015, 6865, 2246, 17376, 7446, 1327, 697, 387, 768, 418, 248, 44819, 19229, 11239 ]),

    PCGroup(\[ 10, 2, 2, 2, 2, 2, 2, 2, 2, 2, 2, 10804, 12614, 7524, 734, 48005, 12495, 1945, 515, 285, 58246, 15696, 3946, 316, 186, 71687, 10257, 667, 2277, 46088, 5778, 9388, 3998, 2028, 25609, 44819, 16829, 7639 ]),

    PCGroup(\[ 10, 2, 2, 2, 2, 2, 2, 2, 2, 2, 2, 20404, 10214, 4934, 24965, 3855, 3385, 6035, 31366, 7856, 2266, 7316, 3686, 20487, 1297, 1307, 8997, 4527, 11528, 18738, 10108, 5798, 89609, 33619, 17629, 3239 ]),

    PCGroup(\[ 10, 2, 2, 2, 2, 2, 2, 2, 2, 2, 2, 20803, 3693, 6983, 753, 28004, 6814, 12624, 4034, 2444, 42566, 11216, 11786, 8576, 2566, 346, 53767, 15377, 12187, 197, 3247, 237, 8678 ]),

    PCGroup(\[ 10, 2, 2, 2, 2, 2, 2, 2, 2, 2, 2, 14883, 7293, 18204, 9314, 5795, 2925, 8966, 15696, 8986, 7596, 5127, 10257, 14107, 7077, 2447, 40328, 5778, 18748, 3108, 70409, 44819, 1629, 3639 ]),

    PCGroup(\[ 10, 2, 2, 2, 2, 2, 2, 2, 2, 2, 2, 4483, 333, 183, 5204, 214, 124, 515, 285, 316, 186, 71687, 7697, 11547, 2277, 46088, 14418, 21628, 2028, 25609, 28819, 4829, 7639 ]),

    PCGroup(\[ 10, 2, 2, 2, 2, 2, 2, 2, 2, 2, 2, 15604, 7614, 324, 48005, 22095, 1945, 1955, 1005, 71687, 23057, 667, 4197, 46088, 43218, 9388, 398, 228, 25609, 9619, 16829, 10039 ]),

    PCGroup(\[ 10, 2, 2, 2, 2, 2, 2, 2, 2, 2, 2, 29136, 1706, 3826, 71687, 5147, 2607, 2297, 1187, 46088, 2908, 5088, 1498, 25609, 22429, 849, 859 ]),

    PCGroup(\[ 10, 2, 2, 2, 2, 2, 2, 2, 2, 2, 2, 18255, 745, 4715, 5147, 8357, 3567, 537, 397, 2908, 7958, 4728, 2218, 268 ]),

    PCGroup(\[ 10, 2, 2, 2, 2, 2, 2, 2, 2, 2, 2, 45604, 614, 11524, 2944, 67206, 4496, 4506, 8436, 2706, 626, 20487, 2577, 19227, 2597, 4047, 397, 11528, 43218, 1468, 1478, 3828, 268 ]),

    PCGroup(\[ 10, 2, 2, 2, 2, 2, 2, 2, 2, 2, 2, 24015, 745, 6155, 71687, 35857, 5147, 5157, 4527, 2457, 46088, 23058, 2908, 10118, 2928, 958, 25609, 12819, 22429, 1639, 1649, 1859 ]),

    PCGroup(\[ 10, 2, 2, 2, 2, 2, 2, 2, 2, 2, 2, 27855, 745, 7115, 2156, 20487, 10257, 14107, 8357, 1327, 397, 11528, 5778, 18748, 7958, 768, 268 ]),

    PCGroup(\[ 10, 2, 2, 2, 2, 2, 2, 2, 2, 2, 2, 20803, 813, 5543, 2833, 22416, 2266, 7596, 1316, 346, 23057, 1307, 4197, 1657, 237, 8678 ]),

    PCGroup(\[ 10, 2, 2, 2, 2, 2, 2, 2, 2, 2, 2, 26404, 1414, 7124, 144, 29136, 14586, 1726, 1316, 906, 35857, 17947, 1647, 1657, 867, 237, 4368 ]),

    PCGroup(\[ 10, 2, 2, 2, 2, 2, 2, 2, 2, 2, 2, 21443, 493, 5383, 433, 21125, 25935, 12985, 4835, 2085, 1495, 35847, 38417, 19227, 357, 3247, 1657, 237, 8678 ]),

    PCGroup(\[ 10, 2, 2, 2, 2, 2, 2, 2, 2, 2, 2, 26404, 12414, 3134, 2085, 22416, 1156, 746, 1316, 346, 23057, 677, 3087, 1657, 237, 4368 ]),

    PCGroup(\[ 10, 2, 2, 2, 2, 2, 2, 2, 2, 2, 2, 20803, 9773, 4903, 113, 4115, 22416, 2266, 5916, 1316, 346, 23057, 1307, 997, 1657, 237, 8678 ]),

    PCGroup(\[ 10, 2, 2, 2, 2, 2, 2, 2, 2, 2, 2, 55685, 26415, 6635, 3525, 1015, 8976, 1156, 4246, 1036, 626, 38417, 677, 1327, 1657, 397, 2898, 10838, 768, 2218, 268 ]),

    PCGroup(\[ 10, 2, 2, 2, 2, 2, 2, 2, 2, 2, 2, 39363, 9773, 9543, 2833, 2534, 36485, 1935, 2905, 2435, 1605, 35846, 1136, 2826, 2556, 2006, 2597, 1478, 6409, 30419, 18429, 9239, 5649 ]),

    PCGroup(\[ 10, 2, 2, 2, 2, 2, 2, 2, 2, 2, 2, 20004, 10014, 234, 24965, 12495, 155, 3126, 1596, 71687, 10257, 10267, 1957, 2607, 46088, 5778, 20188, 3638, 5088, 25609, 44819, 3229, 7239, 849 ]),

    PCGroup(\[ 10, 2, 2, 2, 2, 2, 2, 2, 2, 2, 2, 1604, 21614, 424, 5034, 244, 965, 25455, 265, 5915, 175, 71687, 20497, 17947, 2607, 1337, 1187, 46088, 40338, 11548, 768, 418, 788, 25609, 6419, 6429, 5649, 2859, 469 ]),

    PCGroup(\[ 10, 2, 2, 2, 2, 2, 2, 2, 2, 2, 2, 26404, 14014, 3334, 144, 33616, 2266, 2006, 336, 626, 10257, 1307, 3887, 217, 397, 5778, 21628, 3288, 2758, 268 ]),

    PCGroup(\[ 10, 2, 2, 2, 2, 2, 2, 2, 2, 2, 2, 25925, 1455, 745, 3275, 8966, 4496, 4506, 6756, 2006, 2156, 626, 5127, 2577, 19227, 4517, 3887, 1657, 397, 86408, 43218, 1468, 6518, 3648, 2218, 268 ]),

    PCGroup(\[ 10, 2, 2, 2, 2, 2, 2, 2, 2, 2, 2, 20004, 4414, 5924, 5334, 24965, 3855, 13465, 6515, 3285, 3406, 20487, 1297, 16027, 9637, 4847, 11528, 18738, 15148, 6518, 3288, 89609, 33619, 10429, 4039 ]),

    PCGroup(\[ 10, 2, 2, 2, 2, 2, 2, 2, 2, 2, 2, 17204, 3134, 13445, 1935, 12025, 3395, 1725, 8966, 1136, 14586, 3676, 1866, 5127, 8977, 17947, 3557, 40328, 15858, 11548, 2558, 70409, 30419, 6429, 12439 ]),

    PCGroup(\[ 10, 2, 2, 2, 2, 2, 2, 2, 2, 2, 2, 16804, 4614, 2134, 2444, 48005, 6735, 3865, 2675, 3045, 58246, 4496, 6186, 2276, 3686, 71687, 2577, 8347, 4517, 3567, 46088, 20178, 748, 758, 2928, 25609, 35219, 20029, 10439, 1649 ]),

    PCGroup(\[ 10, 2, 2, 2, 2, 2, 2, 2, 2, 2, 2, 643, 6733, 6903, 404, 8214, 8524, 58246, 4496, 7866, 3266, 71687, 2577, 5147, 5477, 46088, 20178, 2908, 5268, 25609, 35219, 22429, 2039 ]),

    PCGroup(\[ 10, 2, 2, 2, 2, 2, 2, 2, 2, 2, 2, 58246, 1706, 3826, 5147, 8997, 2607, 2297, 1187, 2908, 5798, 5088, 1498, 22429, 3239, 849, 859 ]),

    PCGroup(\[ 10, 2, 2, 2, 2, 2, 2, 2, 2, 2, 2, 1004, 614, 1605, 11206, 8976, 14586, 6196, 3126, 7687, 17937, 17947, 5157, 43208, 2898, 11548, 10118, 73609, 41619, 6429, 1639 ]),

    PCGroup(\[ 10, 2, 2, 2, 2, 2, 2, 2, 2, 2, 2, 424, 2634, 265, 3035, 44806, 15696, 5626, 2836, 1036, 1327, 697, 768, 418, 19209, 44819, 19229, 9639, 5649 ]),

    PCGroup(\[ 10, 2, 2, 2, 2, 2, 2, 2, 2, 2, 2, 1524, 36485, 1935, 11065, 3155, 35846, 1136, 11226, 3956, 1327, 768, 6409, 30419, 4829, 11239 ]),

    PCGroup(\[ 10, 2, 2, 2, 2, 2, 2, 2, 2, 2, 2, 46004, 10814, 7024, 1344, 8966, 33616, 1706, 3956, 2706, 626, 5127, 10257, 3227, 7717, 1487, 397, 86408, 5778, 6508, 7238, 948, 268 ]),

    PCGroup(\[ 10, 2, 2, 2, 2, 2, 2, 2, 2, 2, 2, 20803, 19373, 9703, 2353, 59525, 29775, 8185, 4835, 1845, 535, 8966, 4496, 10106, 316, 2846, 1316, 906, 5127, 2577, 12827, 9957, 2927, 1657, 557, 8678 ]),

    PCGroup(\[ 10, 2, 2, 2, 2, 2, 2, 2, 2, 2, 2, 17004, 8614, 3045, 33606, 15696, 4506, 4516, 23047, 10257, 8987, 7077, 3567, 14408, 5778, 1468, 9398, 92809, 44819, 20829, 839 ]),

    PCGroup(\[ 10, 2, 2, 2, 2, 2, 2, 2, 2, 2, 2, 14723, 14973, 4263, 18004, 18914, 5424, 38405, 15375, 5785, 1715, 1485, 1156, 606, 677, 367, 83528, 36018, 3628, 588, 16009, 1619, 23229, 10839 ]),

    PCGroup(\[ 10, 2, 2, 2, 2, 2, 2, 2, 2, 2, 2, 15604, 6214, 9924, 2534, 48005, 22095, 1945, 3155, 71687, 23057, 667, 2597, 1327, 46088, 43218, 9388, 1478, 768, 25609, 9619, 16829, 11239 ]),

    PCGroup(\[ 10, 2, 2, 2, 2, 2, 2, 2, 2, 2, 2, 18243, 10413, 113, 7475, 44806, 2266, 3676, 606, 1316, 346, 46087, 1307, 3557, 367, 1657, 237, 8678 ]),

    PCGroup(\[ 10, 2, 2, 2, 2, 2, 2, 2, 2, 2, 2, 3845, 1125, 2246, 1446, 40967, 15377, 3877, 547, 12809, 38419, 9639, 2459 ]),

    PCGroup(\[ 10, 2, 2, 2, 2, 2, 2, 2, 2, 2, 2, 5604, 3014, 324, 21125, 6735, 12505, 515, 285, 17926, 4496, 14026, 316, 186, 35847, 2577, 19867, 2277, 5768, 20178, 13708, 3998, 2028, 83209, 35219, 8829, 7639 ]),

    PCGroup(\[ 10, 2, 2, 2, 2, 2, 2, 2, 2, 2, 2, 3845, 2425, 645, 2246, 3386, 886, 46088, 17298, 8668, 4358, 608, 25609, 32019, 16029, 8039, 2059 ]),

    PCGroup(\[ 10, 2, 2, 2, 2, 2, 2, 2, 2, 2, 2, 29765, 3755, 645, 1015, 17926, 3386, 3396, 886, 1316, 626, 5768, 8668, 2198, 2208, 2578, 268 ]),

    PCGroup(\[ 10, 2, 2, 2, 2, 2, 2, 2, 2, 2, 2, 3845, 985, 1725, 2246, 586, 1866, 697, 387, 418, 248, 76809, 44819, 19229, 4849, 2859 ]),

    PCGroup(\[ 10, 2, 2, 2, 2, 2, 2, 2, 2, 2, 2, 30004, 8414, 6224, 3845, 10575, 6745, 4595, 2325, 2246, 8976, 7306, 4516, 17927, 17937, 7067, 7077, 3567, 31688, 2898, 5068, 9398, 60809, 41619, 24829, 839 ]),

    PCGroup(\[ 10, 2, 2, 2, 2, 2, 2, 2, 2, 2, 2, 3845, 20175, 985, 5315, 2685, 2246, 24656, 586, 5916, 2986, 71687, 5147, 2597, 1327, 1337, 46088, 2908, 1478, 768, 1328, 25609, 22429, 11239, 5649, 459 ]),

    PCGroup(\[ 10, 2, 2, 2, 2, 2, 2, 2, 2, 2, 2, 40804, 7614, 3824, 1934, 944, 2085, 8966, 22416, 2266, 1156, 2706, 1316, 346, 5127, 23057, 1307, 677, 847, 1657, 237, 4368 ]),

    PCGroup(\[ 10, 2, 2, 2, 2, 2, 2, 2, 2, 2, 2, 26404, 14014, 624, 334, 144, 2566, 15377, 7707, 3877, 1007, 1657, 867, 237, 4368 ]),

    PCGroup(\[ 10, 2, 2, 2, 2, 2, 2, 2, 2, 2, 2, 55685, 7215, 3625, 1835, 3525, 67206, 4496, 4506, 2276, 4246, 2156, 626, 20487, 2577, 19227, 9637, 1327, 397, 11528, 43218, 1468, 758, 768, 268 ]),

    PCGroup(\[ 10, 2, 2, 2, 2, 2, 2, 2, 2, 2, 2, 15204, 7614, 10224, 1934, 1544, 2085, 44806, 22416, 11226, 1156, 2706, 1316, 346, 46087, 23057, 11547, 677, 847, 1657, 237, 4368 ]),

    PCGroup(\[ 10, 2, 2, 2, 2, 2, 2, 2, 2, 2, 2, 55685, 5545, 2795, 3525, 1015, 33616, 2266, 1156, 4246, 2156, 626, 10257, 1307, 677, 1327, 397, 5778, 21628, 10838, 768, 268 ]),

    PCGroup(\[ 10, 2, 2, 2, 2, 2, 2, 2, 2, 2, 2, 3845, 1605, 2246, 2006, 71687, 2597, 1327, 387, 46088, 1478, 768, 248, 25609, 11239, 5649, 2859 ]),

    PCGroup(\[ 10, 2, 2, 2, 2, 2, 2, 2, 2, 2, 2, 643, 8093, 404, 9914, 49286, 8976, 7866, 4236, 2006, 40967, 17937, 5147, 847, 80648, 2898, 2908, 1668, 12809, 41619, 22429, 6839 ]),

    PCGroup(\[ 10, 2, 2, 2, 2, 2, 2, 2, 2, 2, 2, 17004, 8614, 3765, 33606, 15696, 4506, 6196, 3126, 23047, 10257, 8987, 5157, 14408, 5778, 1468, 10118, 5088, 92809, 44819, 20829, 1639 ]),

    PCGroup(\[ 10, 2, 2, 2, 2, 2, 2, 2, 2, 2, 2, 6242, 1332, 2023, 9804, 3514, 1334, 55685, 4815, 2915, 1245, 2266, 606, 1307, 367, 57608, 17298, 10108, 1838, 948, 38409, 32019, 21629, 11639 ]),

    PCGroup(\[ 10, 2, 2, 2, 2, 2, 2, 2, 2, 2, 2, 10804, 6214, 334, 17926, 4496, 8986, 876, 35847, 2577, 14107, 1637, 847, 5768, 20178, 18748, 3278, 1668, 83209, 35219, 1629, 6839 ]),

    PCGroup(\[ 10, 2, 2, 2, 2, 2, 2, 2, 2, 2, 2, 6362, 132, 5422, 8643, 93, 3633, 3385, 1715, 44806, 14576, 14866, 5776, 2566, 346, 46087, 14097, 8027, 837, 3247, 237, 17308, 8678 ]),

    PCGroup(\[ 10, 2, 2, 2, 2, 2, 2, 2, 2, 2, 2, 31203, 18413, 5223, 37604, 6814, 5824, 834, 2444, 7475, 64966, 11216, 2266, 4096, 2566, 346, 69127, 15377, 1307, 197, 3247, 237, 8678 ]),

    PCGroup(\[ 10, 2, 2, 2, 2, 2, 2, 2, 2, 2, 2, 20004, 10414, 5224, 234, 24965, 12015, 6025, 155, 15367, 20497, 19227, 5797, 697, 28808, 40338, 12988, 10838, 418, 57609, 6419, 8029, 2439, 5649 ]),

    PCGroup(\[ 10, 2, 2, 2, 2, 2, 2, 2, 2, 2, 2, 1283, 2093, 4103, 4134, 485, 1935, 12265, 2565, 7286, 1136, 14866, 3126, 35857, 10267, 5157, 1337, 23058, 20188, 1328, 12819, 3229, 1639, 459 ]),

    PCGroup(\[ 10, 2, 2, 2, 2, 2, 2, 2, 2, 2, 2, 36803, 17293, 5223, 5334, 45125, 25215, 8185, 3285, 67206, 4496, 6756, 1166, 1316, 626, 20487, 2577, 6437, 4847, 1177, 397, 11528, 43218, 6518, 408, 2218, 268 ]),

    PCGroup(\[ 10, 2, 2, 2, 2, 2, 2, 2, 2, 2, 2, 10883, 18733, 2743, 3393, 13204, 23614, 3324, 2144, 2836, 1446, 61447, 23057, 5797, 2927, 1017, 38409, 9619, 2439, 1249, 2459 ]),

    PCGroup(\[ 10, 2, 2, 2, 2, 2, 2, 2, 2, 2, 2, 34883, 493, 3783, 113, 3845, 24015, 4345, 2315, 2085, 295, 2246, 29136, 5626, 2976, 2566, 206, 6437, 8678 ]),

    PCGroup(\[ 10, 2, 2, 2, 2, 2, 2, 2, 2, 2, 2, 10404, 18814, 2724, 40325, 21135, 12025, 3875, 1965, 49286, 23536, 14586, 5356, 2706, 40967, 24337, 17947, 6757, 3407, 80648, 44658, 11548, 9038, 12809, 11219, 6429, 439, 249 ]),

    PCGroup(\[ 10, 2, 2, 2, 2, 2, 2, 2, 2, 2, 2, 50804, 20614, 12624, 144, 62726, 4496, 12346, 1156, 2286, 336, 66567, 2577, 10267, 677, 3567, 217, 63368, 20178, 20188, 5078, 5088, 1318, 44809, 35219, 3229, 8839, 849, 2259 ]),

    PCGroup(\[ 10, 2, 2, 2, 2, 2, 2, 2, 2, 2, 2, 23363, 333, 183, 29604, 214, 124, 58246, 15696, 2266, 2556, 71687, 10257, 1307, 2447, 46088, 5778, 10108, 1118, 25609, 44819, 17629, 10839 ]),

    PCGroup(\[ 10, 2, 2, 2, 2, 2, 2, 2, 2, 2, 2, 1604, 1614, 9824, 234, 965, 3375, 12025, 155, 7846, 576, 14586, 1016, 20487, 10257, 5157, 2297, 1187, 11528, 5778, 10118, 2928, 89609, 44819, 1639, 1649 ]),

    PCGroup(\[ 10, 2, 2, 2, 2, 2, 2, 2, 2, 2, 2, 1603, 333, 663, 2404, 214, 1124, 6726, 3096, 166, 17947, 387, 11548, 248, 6429, 11239, 5649 ]),

    PCGroup(\[ 10, 2, 2, 2, 2, 2, 2, 2, 2, 2, 2, 34004, 5414, 8324, 39845, 6975, 10225, 8966, 29136, 4506, 6196, 3126, 5127, 35857, 8987, 5157, 2607, 40328, 23058, 1468, 10118, 2578, 70409, 12819, 20829, 1639, 849 ]),

    PCGroup(\[ 10, 2, 2, 2, 2, 2, 2, 2, 2, 2, 2, 33204, 16614, 13445, 18255, 985, 6275, 3165, 8966, 17936, 586, 7036, 3546, 5127, 28177, 4507, 9957, 40328, 37458, 7948, 6878, 70409, 3219, 15229, 4439 ]),

    PCGroup(\[ 10, 2, 2, 2, 2, 2, 2, 2, 2, 2, 2, 48005, 30255, 3625, 1835, 1605, 58246, 4496, 15706, 4516, 2006, 1036, 71687, 2577, 16667, 7077, 1327, 46088, 20178, 15868, 9398, 768, 25609, 35219, 11229, 839, 5649 ]),

    PCGroup(\[ 10, 2, 2, 2, 2, 2, 2, 2, 2, 2, 2, 23683, 13213, 7783, 29204, 16314, 9824, 4595, 2325, 8966, 5616, 8986, 7316, 5127, 3857, 14107, 4527, 40328, 21618, 18748, 5798, 70409, 36819, 1629, 3239 ]),

    PCGroup(\[ 10, 2, 2, 2, 2, 2, 2, 2, 2, 2, 2, 7204, 3614, 424, 1034, 9605, 4815, 265, 1115, 886, 476, 46088, 28818, 7228, 3638, 2208, 25609, 19219, 14429, 7239, 4049 ]),

    PCGroup(\[ 10, 2, 2, 2, 2, 2, 2, 2, 2, 2, 2, 20004, 9414, 4724, 51845, 8655, 985, 3155, 53766, 11216, 586, 3956, 2006, 1327, 768, 32009, 38419, 15229, 11239 ]),

    PCGroup(\[ 10, 2, 2, 2, 2, 2, 2, 2, 2, 2, 2, 33204, 3114, 1934, 48005, 1935, 14905, 5315, 2685, 58246, 1136, 15706, 5916, 3966, 71687, 8977, 16667, 6117, 2127, 46088, 15858, 15868, 11198, 5628, 25609, 30419, 11229, 2839 ]),

    PCGroup(\[ 10, 2, 2, 2, 2, 2, 2, 2, 2, 2, 2, 26885, 25455, 6865, 1605, 29126, 28576, 7446, 2006, 40967, 17947, 1327, 387, 80648, 11548, 768, 248, 12809, 6429, 5649, 2859 ]),

    PCGroup(\[ 10, 2, 2, 2, 2, 2, 2, 2, 2, 2, 2, 4236, 2146, 1876, 35857, 2597, 2607, 2297, 1187, 23058, 1478, 5088, 1498, 12819, 11239, 849, 859 ]),

    PCGroup(\[ 10, 2, 2, 2, 2, 2, 2, 2, 2, 2, 2, 333, 3623, 214, 4624, 15365, 15375, 1945, 1245, 33287, 26897, 667, 2447, 2888, 36018, 9388, 588, 80009, 1619, 16829, 10839 ]),

    PCGroup(\[ 10, 2, 2, 2, 2, 2, 2, 2, 2, 2, 2, 26563, 653, 6663, 534, 45125, 255, 11305, 405, 71687, 10257, 3867, 537, 46088, 5778, 7228, 3638, 25609, 44819, 14429, 7239 ]),

    PCGroup(\[ 10, 2, 2, 2, 2, 2, 2, 2, 2, 2, 2, 9680, 8041, 19562, 16804, 40805, 7215, 10225, 1365, 655, 31366, 17936, 14586, 2276, 1166, 616, 5127, 28177, 17947, 4517, 2287, 11528, 37458, 11548, 758, 408, 238, 70409, 3219, 6429, 10439, 5249 ]),

    PCGroup(\[ 10, 2, 2, 2, 2, 2, 2, 2, 2, 2, 2, 20803, 9133, 5223, 113, 7475, 44806, 20176, 5356, 2846, 1316, 346, 46087, 25617, 6757, 2927, 1657, 237, 8678 ]),

    PCGroup(\[ 10, 2, 2, 2, 2, 2, 2, 2, 2, 2, 2, 3845, 13455, 1605, 2246, 14576, 2006, 71687, 35857, 5147, 2597, 387, 46088, 23058, 2908, 1478, 248, 25609, 12819, 22429, 11239, 2859 ]),

    PCGroup(\[ 10, 2, 2, 2, 2, 2, 2, 2, 2, 2, 2, 1604, 14814, 7424, 1644, 965, 18255, 9145, 1015, 20487, 7077, 3247, 537, 397, 11528, 9398, 1848, 2218, 268 ]),

    PCGroup(\[ 10, 2, 2, 2, 2, 2, 2, 2, 2, 2, 2, 39204, 9824, 4934, 2044, 1605, 51526, 15146, 6476, 3266, 1036, 486, 71687, 17947, 8997, 2607, 697, 387, 46088, 11548, 5798, 5088, 418, 248, 25609, 6429, 3239, 849, 2859 ]),

    PCGroup(\[ 10, 2, 2, 2, 2, 2, 2, 2, 2, 2, 2, 13214, 6324, 3334, 55685, 22095, 985, 4115, 2085, 1015, 67206, 4496, 586, 5076, 626, 20487, 2577, 14747, 6437, 397, 11528, 43218, 19468, 8678, 268 ]),

    PCGroup(\[ 10, 2, 2, 2, 2, 2, 2, 2, 2, 2, 2, 28805, 6265, 1605, 175, 71687, 10257, 5147, 2297, 387, 46088, 5778, 2908, 1498, 248, 25609, 44819, 22429, 459, 1469 ]),

    PCGroup(\[ 10, 2, 2, 2, 2, 2, 2, 2, 2, 2, 2, 3523, 653, 7943, 3553, 2534, 29765, 255, 10345, 1605, 1375, 3956, 1036, 40967, 10257, 8997, 2297, 387, 80648, 5778, 5798, 1498, 248, 12809, 44819, 1639, 459, 1469 ]),

    PCGroup(\[ 10, 2, 2, 2, 2, 2, 2, 2, 2, 2, 2, 42245, 20175, 10585, 47046, 24656, 11786, 71687, 17947, 5157, 1337, 46088, 11548, 10118, 1328, 25609, 6429, 1639, 459 ]),

    PCGroup(\[ 10, 2, 2, 2, 2, 2, 2, 2, 2, 2, 2, 47204, 10814, 6624, 3334, 59525, 14415, 8185, 525, 1495, 44806, 4496, 10106, 4386, 1316, 346, 46087, 2577, 12827, 207, 1657, 237, 4368 ]),

    PCGroup(\[ 10, 2, 2, 2, 2, 2, 2, 2, 2, 2, 2, 23204, 11614, 3334, 144, 58246, 11216, 10106, 606, 906, 71687, 15377, 12827, 367, 867, 237, 4368 ]),

    PCGroup(\[ 10, 2, 2, 2, 2, 2, 2, 2, 2, 2, 2, 26404, 6824, 32645, 7945, 40326, 12346, 5076, 3406, 616, 626, 3247, 1657, 69128, 20188, 8678, 3288, 238, 268 ]),

    PCGroup(\[ 10, 2, 2, 2, 2, 2, 2, 2, 2, 2, 2, 1604, 814, 6624, 3334, 644, 965, 495, 8185, 4115, 415, 58246, 29136, 10106, 606, 1456, 906, 71687, 35857, 12827, 2927, 217, 867, 237, 4368, 2218 ]),

    PCGroup(\[ 10, 2, 2, 2, 2, 2, 2, 2, 2, 2, 2, 8804, 4414, 3334, 644, 28805, 29775, 8185, 285, 1495, 8966, 22416, 10106, 186, 1316, 346, 5127, 23057, 12827, 5007, 1657, 237, 4368 ]),

    PCGroup(\[ 10, 2, 2, 2, 2, 2, 2, 2, 2, 2, 2, 15604, 19714, 4934, 2644, 44165, 3855, 1465, 6515, 3285, 46087, 1297, 3867, 9637, 4527, 86408, 18738, 7228, 6518, 1848, 19209, 33619, 14429, 4039, 3649 ]),

    PCGroup(\[ 10, 2, 2, 2, 2, 2, 2, 2, 2, 2, 2, 48005, 24015, 12025, 285, 58246, 29136, 14586, 186, 35857, 8997, 1327, 1187, 23058, 5798, 768, 1498, 12819, 3239, 5649, 859 ]),

    PCGroup(\[ 10, 2, 2, 2, 2, 2, 2, 2, 2, 2, 2, 37445, 18735, 67206, 13456, 5626, 3406, 61447, 12817, 7707, 4847, 2457, 38409, 48019, 19229, 2049 ]),

    PCGroup(\[ 10, 2, 2, 2, 2, 2, 2, 2, 2, 2, 2, 34804, 14914, 5024, 2734, 60486, 4496, 1706, 4236, 2006, 74247, 2577, 3227, 2917, 1487, 48968, 20178, 6508, 1838, 948, 28809, 35219, 13629, 11639 ]),

    PCGroup(\[ 10, 2, 2, 2, 2, 2, 2, 2, 2, 2, 2, 333, 5543, 214, 7024, 9605, 27855, 9145, 3875, 13446, 33616, 8986, 5356, 34568, 28818, 18748, 4548, 64009, 19219, 1629, 439 ]),

    PCGroup(\[ 10, 2, 2, 2, 2, 2, 2, 2, 2, 2, 2, 1604, 614, 965, 1215, 53766, 4496, 5626, 8436, 2156, 76807, 2577, 7707, 7717, 3887, 32009, 35219, 19229, 4839, 2449 ]),

    PCGroup(\[ 10, 2, 2, 2, 2, 2, 2, 2, 2, 2, 2, 47604, 614, 44165, 3855, 1465, 3635, 46087, 1297, 3867, 3237, 1647, 86408, 18738, 7228, 2198, 1128, 19209, 33619, 14429, 12039 ]),

    PCGroup(\[ 10, 2, 2, 2, 2, 2, 2, 2, 2, 2, 2, 18243, 4583, 2673, 59525, 14415, 8185, 515, 1845, 1495, 44806, 4496, 10106, 4236, 606, 1316, 346, 46087, 2577, 12827, 357, 367, 1657, 237, 8678 ]),

    PCGroup(\[ 10, 2, 2, 2, 2, 2, 2, 2, 2, 2, 2, 3845, 1935, 985, 2565, 2246, 1136, 586, 3126, 20487, 35857, 5147, 5157, 2607, 1337, 11528, 23058, 2908, 10118, 5088, 1328, 89609, 12819, 22429, 1639, 849, 459 ]),

    PCGroup(\[ 10, 2, 2, 2, 2, 2, 2, 2, 2, 2, 2, 34404, 17214, 2224, 3334, 2244, 28805, 14415, 7225, 285, 1495, 8966, 4496, 2266, 186, 1316, 346, 5127, 2577, 1307, 5007, 1657, 237, 4368 ])
]
